%YAML:1.0
mandawa-19mar27_2: !!opencv-matrix
   rows: 1
   cols: 200
   dt: f
   data: [ 1.22699386e-03, 3.15512693e-03, 9.72830784e-03,
       3.76862381e-03, 2.97984225e-03, 6.39789645e-03, 3.85626638e-03,
       1.20070111e-02, 2.80455733e-03, 2.97984225e-03, 8.32602940e-03,
       1.21822963e-02, 6.34531081e-02, 4.20683622e-03, 3.06748459e-03,
       3.24276951e-03, 3.50569654e-03, 1.81419794e-02, 3.94390896e-03,
       1.05170906e-03, 2.03330405e-02, 3.59333912e-03, 2.45398772e-03,
       1.40227866e-03, 3.59333912e-03, 6.66082371e-03, 3.85626638e-03,
       4.11919365e-03, 1.92813319e-03, 8.23838729e-03, 9.11481120e-03,
       2.89219967e-03, 3.33041186e-03, 3.59333912e-03, 3.06748459e-03,
       2.62927241e-03, 4.38212091e-03, 1.75284827e-03, 2.27870280e-03,
       9.72830784e-03, 4.03155107e-03, 1.92813319e-03, 2.80455733e-03,
       3.41805420e-03, 8.76424136e-04, 1.14811566e-02, 1.84049073e-03,
       2.62927241e-03, 2.97984225e-03, 7.80017488e-03, 6.31025387e-03,
       3.06748459e-03, 4.73269029e-03, 5.87204192e-03, 3.24276951e-03,
       2.19106046e-03, 4.20683622e-03, 2.45398772e-03, 8.41367245e-03,
       2.36634514e-03, 4.90797544e-03, 1.05170906e-03, 1.57756347e-03,
       9.02716909e-03, 1.34969326e-02, 1.75284827e-03, 9.64066596e-04,
       2.45398772e-03, 3.59333912e-03, 3.41805420e-03, 2.71691498e-03,
       4.64504818e-03, 3.06748459e-03, 2.27870280e-03, 2.19106046e-03,
       4.64504818e-03, 3.76862381e-03, 2.19106046e-03, 2.97984225e-03,
       1.75284827e-03, 4.55740560e-03, 1.53374225e-02, 1.22699386e-03,
       2.27870280e-03, 6.13496918e-03, 4.99561755e-03, 3.33041186e-03,
       4.64504818e-03, 4.20683622e-03, 6.13496930e-04, 2.01577554e-03,
       2.62927241e-03, 1.48992112e-03, 2.01577554e-03, 3.06748459e-03,
       8.85188393e-03, 3.24276951e-03, 2.27870280e-03, 2.10341811e-03,
       4.20683622e-03, 2.97984225e-03, 1.40227866e-03, 3.54951769e-02,
       4.55740560e-03, 4.55740560e-03, 2.01577554e-03, 6.04732661e-03,
       2.10341811e-03, 9.37773846e-03, 5.69675723e-03, 2.19106046e-03,
       2.71691498e-03, 7.53724761e-03, 1.13935140e-03, 2.01577554e-03,
       5.52147208e-03, 2.62927241e-03, 2.80455733e-03, 7.01139309e-03,
       3.33041186e-03, 1.57756347e-03, 1.75284827e-03, 4.46976302e-03,
       9.11481120e-03, 3.50569666e-04, 6.13496918e-03, 4.20683622e-03,
       3.46187539e-02, 5.17090270e-03, 9.11481120e-03, 7.88781734e-04,
       1.66520593e-03, 2.19106046e-03, 2.19106046e-03, 5.34618739e-03,
       1.57756347e-03, 2.19106046e-03, 6.31025387e-03, 2.10341811e-03,
       1.84049073e-03, 2.62927241e-03, 2.27870280e-03, 3.41805420e-03,
       1.84049073e-03, 3.94390896e-03, 2.01577554e-03, 2.71691498e-03,
       1.48992112e-03, 1.84049073e-03, 2.45398772e-03, 3.59333912e-03,
       5.60911465e-03, 5.60911465e-03, 3.68098146e-03, 9.20245331e-03,
       4.99561755e-03, 3.24276951e-03, 3.54951769e-02, 1.56003498e-02,
       4.46976302e-03, 7.88781792e-03, 1.21822963e-02, 2.98860632e-02,
       2.45398772e-03, 3.41805420e-03, 4.29447833e-03, 2.45398772e-03,
       2.80455733e-03, 4.20683622e-03, 1.66520593e-03, 2.27870280e-03,
       3.68098146e-03, 2.89219967e-03, 4.55740560e-03, 2.97984225e-03,
       1.13935140e-03, 2.54163006e-03, 2.19106046e-03, 7.09903566e-03,
       1.84049073e-03, 5.60911465e-03, 6.83610840e-03, 3.06748459e-03,
       3.33041186e-03, 2.62927241e-03, 2.54163006e-03, 2.89219967e-03,
       2.80455733e-03, 2.45398772e-03, 3.76862381e-03, 3.85626638e-03,
       3.15512693e-03, 2.19106046e-03, 2.54163006e-03, 2.97984225e-03,
       3.41805420e-03, 3.50569666e-04, 3.85626638e-03, 1.84049073e-03,
       4.11919365e-03 ]
