%YAML:1.0
mandawa-19mar33_22: !!opencv-matrix
   rows: 1
   cols: 200
   dt: f
   data: [ 4.69795475e-03, 7.26047531e-03, 5.97921479e-03,
       7.35538360e-03, 2.56252056e-03, 3.27433203e-03, 6.07412308e-03,
       4.36577573e-03, 8.01974069e-03, 2.79979105e-03, 3.13196983e-03,
       3.74887278e-03, 5.93176065e-03, 3.32178595e-03, 2.65742885e-03,
       4.12850548e-03, 4.74540889e-03, 8.68409779e-03, 3.65396473e-03,
       4.55559231e-03, 4.98267915e-03, 3.17942374e-03, 2.79979105e-03,
       2.84724520e-03, 4.79286257e-03, 6.31139334e-03, 2.75233714e-03,
       2.70488299e-03, 3.46414838e-03, 3.65396473e-03, 2.13543396e-03,
       3.08451569e-03, 2.65742885e-03, 2.37270445e-03, 3.13196983e-03,
       4.36577573e-03, 4.69795475e-03, 1.75580126e-03, 3.27433203e-03,
       5.69449039e-03, 2.70488299e-03, 3.32178595e-03, 4.74540889e-03,
       3.70141864e-03, 3.65396473e-03, 4.84031672e-03, 7.45029142e-03,
       4.98267915e-03, 2.84724520e-03, 2.75233714e-03, 6.07412308e-03,
       1.32871442e-03, 1.84121858e-02, 4.12850548e-03, 3.93868936e-03,
       3.22687789e-03, 5.78939868e-03, 1.09144393e-03, 3.51160252e-03,
       3.93868936e-03, 7.26047531e-03, 3.17942374e-03, 9.44336317e-03,
       2.42015850e-02, 2.21610591e-02, 3.41669424e-03, 4.08105133e-03,
       1.30498735e-02, 2.23034201e-03, 7.97228701e-03, 4.08105133e-03,
       9.82299633e-03, 2.51506665e-03, 2.32525030e-03, 5.12504112e-03,
       2.42015836e-03, 4.03359719e-03, 6.83338847e-03, 3.03706154e-03,
       3.13196983e-03, 4.60304646e-03, 1.14838891e-02, 3.89123522e-03,
       2.13543396e-03, 3.55905644e-03, 4.93522501e-03, 1.89816346e-03,
       2.98960740e-03, 2.70488299e-03, 1.36193233e-02, 4.17595962e-03,
       2.56252056e-03, 4.41322988e-03, 3.32178595e-03, 7.02320505e-03,
       3.03706154e-03, 4.55559231e-03, 8.01974069e-03, 4.17595962e-03,
       5.03013330e-03, 4.36577573e-03, 2.98960740e-03, 7.11811287e-03,
       4.12850548e-03, 1.31922364e-02, 2.84724520e-03, 2.59573851e-02,
       4.27086791e-03, 4.17595962e-03, 2.94215325e-03, 3.17942374e-03,
       5.78939868e-03, 3.70141864e-03, 3.70141864e-03, 7.49774557e-03,
       3.74887278e-03, 1.02500822e-02, 4.69795475e-03, 5.03013330e-03,
       2.98960740e-03, 5.78939868e-03, 1.51853077e-02, 4.03359719e-03,
       5.69449039e-03, 8.25701095e-03, 3.46414838e-03, 3.51160252e-03,
       3.32178595e-03, 3.89123522e-03, 6.12157723e-03, 4.41322988e-03,
       2.79979105e-03, 3.22687789e-03, 2.46761250e-03, 2.75233714e-03,
       5.78939868e-03, 1.37616857e-03, 2.60997470e-03, 3.89123522e-03,
       1.23855164e-02, 3.51160252e-03, 7.82992411e-03, 2.84724520e-03,
       5.64703625e-03, 5.64703625e-03, 2.13543396e-03, 2.46761250e-03,
       2.56252056e-03, 6.45375578e-03, 4.36577573e-03, 2.30152328e-02,
       3.17942374e-03, 4.41322988e-03, 9.25354660e-03, 1.99307175e-03,
       4.46068402e-03, 3.36924009e-03, 1.99307175e-03, 2.98960740e-03,
       7.02320505e-03, 1.94561761e-03, 2.42015836e-03, 3.36924009e-03,
       2.46761250e-03, 6.40630163e-03, 1.39989555e-02, 3.27433203e-03,
       6.35884749e-03, 3.17942374e-03, 2.94215325e-03, 3.74887278e-03,
       6.50120992e-03, 3.65396473e-03, 8.35191924e-03, 2.13543396e-03,
       3.03706154e-03, 3.17942374e-03, 2.94215325e-03, 4.60304646e-03,
       2.56252056e-03, 5.17249526e-03, 3.70141864e-03, 5.50467428e-03,
       6.88084261e-03, 3.93868936e-03, 2.60997470e-03, 4.46068402e-03,
       2.89469934e-03, 4.17595962e-03, 2.32525030e-03, 2.65742885e-03,
       4.27086791e-03, 3.55905644e-03, 2.08797981e-03, 3.36924009e-03,
       4.03359719e-03, 5.83685283e-03, 3.41669424e-03, 6.16903137e-03,
       8.63664411e-03 ]
