%YAML:1.0
mandawa-19mar45: !!opencv-matrix
   rows: 1
   cols: 200
   dt: f
   data: [ 3.02029634e-03, 4.71166242e-03, 4.14787373e-03,
       3.94652039e-03, 1.85244845e-03, 5.31572150e-03, 5.83923934e-03,
       3.06056696e-03, 1.17187500e-02, 2.93975510e-03, 2.53704889e-03,
       3.26192006e-03, 9.26224235e-03, 2.89948448e-03, 5.87951019e-03,
       1.77190721e-03, 4.30895621e-03, 4.10760287e-03, 5.23518026e-03,
       5.23518026e-03, 6.32248679e-03, 3.14110820e-03, 4.75193281e-03,
       2.25515454e-03, 9.02061816e-03, 6.96681673e-03, 5.67815686e-03,
       2.93975510e-03, 5.19490940e-03, 4.67139157e-03, 3.74516752e-03,
       6.12113392e-03, 2.33569578e-03, 6.60438137e-03, 8.09439365e-03,
       4.10760287e-03, 6.24194555e-03, 2.81894323e-03, 2.33569578e-03,
       6.12113392e-03, 5.47680398e-03, 4.14787373e-03, 4.02706163e-03,
       2.69813137e-03, 2.65786075e-03, 2.73840199e-03, 1.57055410e-03,
       6.80573424e-03, 6.16140431e-03, 3.66462627e-03, 5.11436863e-03,
       2.65786075e-03, 1.16784789e-03, 7.12789921e-03, 4.22841497e-03,
       2.06990968e-02, 5.91978058e-03, 4.34922660e-03, 3.18137882e-03,
       3.34246131e-03, 7.53060542e-03, 2.77867261e-03, 1.63096003e-02,
       1.65512245e-02, 3.46327317e-03, 2.13434268e-03, 2.09407206e-03,
       9.34278313e-03, 3.18137882e-03, 3.14110820e-03, 4.83247405e-03,
       1.53028348e-03, 1.81217783e-03, 5.07409777e-03, 3.30219069e-03,
       3.34246131e-03, 3.98679124e-03, 8.73872358e-03, 4.22841497e-03,
       3.18137882e-03, 3.02029634e-03, 2.77867261e-03, 9.70521849e-03,
       9.82603058e-03, 3.70489690e-03, 8.37628823e-03, 3.26192006e-03,
       9.78576019e-03, 4.10760287e-03, 7.08762882e-03, 3.26192006e-03,
       4.06733248e-03, 3.62435565e-03, 2.53704889e-03, 2.17461330e-03,
       1.97326019e-03, 4.34922660e-03, 5.39626274e-03, 2.49677827e-03,
       2.37596640e-03, 3.38273193e-03, 2.25515454e-03, 3.10083758e-03,
       2.41623702e-03, 4.87274490e-03, 3.86597915e-03, 8.69845320e-03,
       2.89948448e-03, 1.49001286e-03, 2.65786075e-03, 3.22164944e-03,
       3.54381441e-03, 1.40947162e-03, 8.61791242e-03, 1.28865978e-02,
       3.38273193e-03, 4.06733248e-03, 4.83247405e-03, 8.41655862e-03,
       6.68492261e-03, 4.10760287e-03, 1.22019975e-02, 1.77190721e-03,
       1.11952312e-02, 6.32248679e-03, 9.78576019e-03, 1.69136596e-03,
       8.77899490e-03, 4.22841497e-03, 4.63112118e-03, 5.11436863e-03,
       2.89948448e-03, 1.30476803e-02, 2.69813137e-03, 3.06056696e-03,
       3.54381441e-03, 4.18814411e-03, 2.81894323e-03, 8.53737071e-03,
       4.75193281e-03, 4.79220366e-03, 3.66462627e-03, 3.34246131e-03,
       5.91978058e-03, 2.73840199e-03, 3.14110820e-03, 3.66462627e-03,
       2.33569578e-03, 4.51030908e-03, 8.53737071e-03, 3.84584405e-02,
       7.93331116e-03, 3.14110820e-03, 2.05380144e-03, 3.14110820e-03,
       3.14110820e-03, 4.79220366e-03, 2.53704889e-03, 2.61759013e-03,
       4.71166242e-03, 8.85953568e-03, 4.18814411e-03, 5.23518026e-03,
       2.49677827e-03, 4.26868536e-03, 6.12113392e-03, 4.79220366e-03,
       9.70521849e-03, 3.82570876e-03, 5.91978058e-03, 6.88627549e-03,
       9.74548981e-03, 8.05412326e-03, 6.04059268e-03, 8.05412361e-04,
       7.28898169e-03, 1.85244845e-03, 5.15463902e-03, 6.12113392e-03,
       4.18814411e-03, 1.89271907e-03, 2.21488392e-03, 6.64465176e-03,
       3.34246131e-03, 3.58408503e-03, 1.28865975e-03, 4.34922660e-03,
       3.86597915e-03, 8.21520574e-03, 2.57731951e-03, 4.18814411e-03,
       2.33569578e-03, 5.79896895e-03, 4.51030908e-03, 1.36920100e-03,
       5.79896895e-03, 3.62435565e-03, 3.06056696e-03, 4.02706163e-03,
       3.78543814e-03 ]
