%YAML:1.0
mandawa-19mar28_3: !!opencv-matrix
   rows: 1
   cols: 200
   dt: f
   data: [ 3.01568140e-03, 6.63449895e-03, 6.80682389e-03,
       6.80682389e-03, 3.44649306e-03, 2.75719445e-03, 6.20368775e-03,
       3.61881778e-03, 5.94520057e-03, 4.99741500e-03, 4.04962944e-03,
       3.96346720e-03, 2.92951916e-03, 4.30811616e-03, 3.79114226e-03,
       3.27416835e-03, 7.66844722e-03, 8.61623231e-03, 1.89557113e-03,
       1.37859723e-03, 3.44649306e-03, 3.70498002e-03, 2.24022055e-03,
       2.24022055e-03, 1.20627251e-03, 1.46475958e-03, 4.56660334e-03,
       1.98173360e-03, 2.24022055e-03, 2.84335669e-03, 3.36033083e-03,
       8.35774560e-03, 5.42822666e-03, 4.39427886e-03, 5.25590172e-03,
       4.13579168e-03, 7.75460969e-04, 4.56660334e-03, 2.67103221e-03,
       3.70498002e-03, 2.92951916e-03, 3.44649306e-03, 2.41254503e-03,
       4.99741500e-03, 2.24022055e-03, 4.99741500e-03, 5.60055114e-03,
       1.50784068e-02, 3.01568140e-03, 3.18800611e-03, 7.06531061e-03,
       5.16973948e-03, 1.23212123e-02, 9.99483000e-03, 4.99741500e-03,
       2.92951916e-03, 4.22195392e-03, 3.70498002e-03, 3.36033083e-03,
       4.30811616e-03, 6.20368775e-03, 4.22195392e-03, 2.54178867e-02,
       2.44701002e-02, 2.36946400e-02, 8.18542112e-03, 7.75460945e-03,
       5.85903833e-03, 2.67103221e-03, 4.56660334e-03, 4.65276558e-03,
       6.89298613e-03, 5.51438890e-03, 4.13579168e-03, 3.61881778e-03,
       1.89557113e-03, 6.28984999e-03, 5.77287609e-03, 2.67103221e-03,
       4.04962944e-03, 3.10184387e-03, 6.80682389e-03, 3.53265530e-03,
       4.04962944e-03, 2.06789584e-03, 3.79114226e-03, 2.49870750e-03,
       3.79114226e-03, 1.46475958e-03, 1.18042389e-02, 8.27158336e-03,
       3.10184387e-03, 3.61881778e-03, 3.27416835e-03, 3.70498002e-03,
       4.99741500e-03, 4.99741500e-03, 1.57677066e-02, 2.15405808e-03,
       3.10184387e-03, 8.70239455e-03, 4.56660334e-03, 4.22195392e-03,
       2.49870750e-03, 7.49612227e-03, 2.84335669e-03, 1.94726866e-02,
       2.24022055e-03, 8.61623231e-03, 2.24022055e-03, 3.61881778e-03,
       7.15147331e-03, 6.72066165e-03, 2.24022055e-03, 3.96346720e-03,
       2.67103221e-03, 7.84077216e-03, 1.12011028e-03, 3.18800611e-03,
       5.16973960e-04, 2.75719445e-03, 2.92951912e-02, 8.61623231e-03,
       5.16973948e-03, 6.28984999e-03, 1.46475958e-03, 9.21936892e-03,
       5.25590172e-03, 3.18800611e-03, 2.41254503e-03, 3.36033083e-03,
       4.13579168e-03, 4.56660334e-03, 3.79114226e-03, 3.61881778e-03,
       2.41254503e-03, 3.70498002e-03, 3.79114226e-03, 4.73892782e-03,
       9.99483000e-03, 3.36033083e-03, 3.27416835e-03, 4.73892782e-03,
       1.35274855e-02, 7.84077216e-03, 3.44649306e-03, 2.06789584e-03,
       1.80940889e-03, 7.49612227e-03, 3.61881778e-03, 6.46217447e-03,
       1.80940889e-03, 5.34206443e-03, 6.54833671e-03, 2.32638279e-03,
       3.01568140e-03, 3.27416835e-03, 2.32638279e-03, 3.01568140e-03,
       2.58486974e-03, 4.13579168e-03, 5.85903833e-03, 2.67103221e-03,
       3.10184387e-03, 4.22195392e-03, 9.90866777e-03, 1.89557113e-03,
       3.79114226e-03, 5.25590172e-03, 3.10184387e-03, 4.22195392e-03,
       6.80682389e-03, 1.17180767e-02, 6.46217447e-03, 4.73892782e-03,
       4.91125276e-03, 3.79114226e-03, 3.61881778e-03, 2.75719445e-03,
       2.58486974e-03, 4.56660334e-03, 4.48044110e-03, 4.04962944e-03,
       2.32638279e-03, 1.72324653e-03, 6.63449895e-03, 1.46475958e-03,
       2.15405808e-03, 6.03136281e-03, 3.61881778e-03, 2.15405808e-03,
       3.18800611e-03, 1.89557113e-03, 4.56660334e-03, 6.97914837e-03,
       3.70498002e-03, 6.46217447e-03, 2.67103221e-03, 3.36033083e-03,
       3.70498002e-03 ]
