%YAML:1.0
mandawa-19mar36_12: !!opencv-matrix
   rows: 1
   cols: 200
   dt: f
   data: [ 2.03769747e-03, 1.42072793e-02, 5.20744873e-03,
       3.11314873e-03, 5.83007839e-03, 4.64142160e-03, 3.16975149e-03,
       9.79226828e-03, 8.37719999e-03, 3.50936758e-03, 4.01879195e-03,
       2.49051908e-03, 1.22827869e-02, 6.39610551e-03, 4.01879195e-03,
       2.94334069e-03, 6.73572207e-03, 5.83007839e-03, 6.79232460e-03,
       5.66027034e-03, 3.62257310e-03, 4.35840804e-03, 2.99994345e-03,
       8.77341907e-03, 5.77347586e-03, 1.21129788e-02, 3.16975149e-03,
       3.67917586e-03, 1.92449195e-03, 7.58476229e-03, 3.05654597e-03,
       3.45276506e-03, 4.92443517e-03, 3.56597034e-03, 4.18860000e-03,
       2.37731356e-03, 2.60372437e-03, 1.81128655e-03, 1.01884864e-02,
       5.32065425e-03, 2.37731356e-03, 4.75462712e-03, 4.81123012e-03,
       5.83007839e-03, 5.43385977e-03, 4.69802460e-03, 6.11309195e-03,
       2.94334069e-03, 6.28289999e-03, 3.56597034e-03, 2.15090276e-03,
       9.05643275e-04, 1.50563195e-02, 3.56597034e-03, 1.01884864e-02,
       6.96213264e-03, 5.43385977e-03, 2.09430000e-03, 3.90558667e-03,
       5.71687333e-03, 3.11314873e-03, 6.22629747e-03, 5.49046230e-03,
       1.94147285e-02, 6.90553011e-03, 5.32065425e-03, 4.07539494e-03,
       4.18860000e-03, 3.79238115e-03, 2.94334069e-03, 6.67911908e-03,
       7.81117333e-03, 5.60366781e-03, 1.41506759e-03, 2.60372437e-03,
       2.32071080e-03, 3.05654597e-03, 7.98098091e-03, 5.37725678e-03,
       2.88673793e-03, 4.86783264e-03, 4.24520299e-03, 3.84898391e-03,
       3.28295678e-03, 3.11314873e-03, 5.66027034e-03, 1.41506759e-03,
       1.69808115e-03, 2.37731356e-03, 4.86783264e-03, 7.35835172e-03,
       3.05654597e-03, 7.64136529e-03, 6.62251655e-03, 5.03764069e-03,
       4.52821655e-03, 1.58487575e-03, 7.07533816e-03, 4.58481908e-03,
       7.86777586e-03, 2.26410828e-03, 3.67917586e-03, 2.26410828e-03,
       4.01879195e-03, 8.15078989e-03, 2.66032713e-03, 2.59806421e-02,
       1.06979115e-02, 3.79238115e-03, 1.75468379e-03, 6.11309195e-03,
       8.66021402e-03, 3.16975149e-03, 4.81123012e-03, 9.96207632e-03,
       4.92443517e-03, 6.62251655e-03, 3.28295678e-03, 5.20744873e-03,
       2.32071080e-03, 3.90558667e-03, 1.81128662e-02, 4.81123012e-03,
       7.01873517e-03, 8.94322712e-03, 3.45276506e-03, 5.09424321e-03,
       1.69808115e-03, 7.13194069e-03, 3.79238115e-03, 5.60366781e-03,
       4.18860000e-03, 3.33955954e-03, 5.71687333e-03, 7.30174873e-03,
       4.30180551e-03, 1.75468379e-03, 4.98103816e-03, 4.01879195e-03,
       2.37731356e-03, 4.30180551e-03, 2.94334069e-03, 5.83007839e-03,
       6.67911908e-03, 4.13199747e-03, 1.47167034e-03, 4.18860000e-03,
       8.03758390e-03, 2.15090276e-03, 5.03764069e-03, 1.06979115e-02,
       4.24520299e-03, 3.05654597e-03, 6.73572207e-03, 1.81128655e-03,
       3.50936758e-03, 3.39616230e-03, 2.54712161e-03, 8.54700804e-03,
       3.45276506e-03, 3.79238115e-03, 1.41506759e-03, 2.94334069e-03,
       2.77353264e-03, 5.54706529e-03, 6.90553011e-03, 5.26405172e-03,
       5.71687333e-03, 3.67917586e-03, 3.84898391e-03, 3.11314873e-03,
       7.01873517e-03, 3.56597034e-03, 4.07539494e-03, 4.69802460e-03,
       2.09430000e-03, 4.13199747e-03, 4.52821655e-03, 4.47161356e-03,
       3.33955954e-03, 4.75462712e-03, 4.41501103e-03, 6.90553011e-03,
       3.22635425e-03, 5.09424321e-03, 2.77353264e-03, 3.90558667e-03,
       3.96218942e-03, 3.22635425e-03, 4.75462712e-03, 5.71687333e-03,
       5.43385977e-03, 2.83013517e-03, 9.05643275e-04, 3.05654597e-03,
       5.88668138e-03, 3.67917586e-03, 4.13199747e-03, 5.71687333e-03,
       2.77353264e-03 ]
