%YAML:1.0
mandawa-19mar42_3: !!opencv-matrix
   rows: 1
   cols: 200
   dt: f
   data: [ 3.74175329e-03, 9.25591588e-03, 3.90586536e-03,
       4.75924788e-03, 2.46167975e-03, 2.65861419e-03, 5.31722838e-03,
       1.45731447e-02, 7.35221710e-03, 2.52732472e-03, 3.70893092e-03,
       1.19801750e-02, 3.18377255e-03, 2.42885738e-03, 1.80523191e-03,
       1.93652150e-03, 5.57980780e-03, 8.43535643e-03, 3.11812782e-03,
       2.65861419e-03, 6.00649882e-03, 4.06997744e-03, 1.96934398e-03,
       3.21659492e-03, 3.57764144e-03, 2.65861419e-03, 1.87087664e-03,
       2.88837100e-03, 4.10279958e-03, 4.62795794e-03, 1.54265272e-03,
       9.94518679e-03, 3.44635174e-03, 3.38070700e-03, 2.62579182e-03,
       1.70676468e-03, 8.20559915e-03, 1.24725117e-03, 2.78990390e-03,
       9.42002796e-03, 2.06781109e-03, 3.41352937e-03, 2.03498872e-03,
       3.67610855e-03, 4.36537899e-03, 1.48029011e-02, 1.12909051e-02,
       2.08094008e-02, 2.69143656e-03, 3.15095019e-03, 4.03715484e-03,
       1.14878395e-03, 2.13017371e-02, 1.26366233e-02, 5.02182683e-03,
       4.89053736e-03, 7.81173073e-03, 2.56014708e-03, 2.52732472e-03,
       4.26691165e-03, 1.83148980e-02, 3.74175329e-03, 8.36971123e-03,
       1.28007354e-02, 1.98903736e-02, 3.47917411e-03, 5.35005098e-03,
       1.46716116e-02, 2.52732472e-03, 6.63012452e-03, 3.51199647e-03,
       1.25053339e-02, 6.66294666e-03, 1.87087664e-03, 2.95401574e-03,
       2.36321264e-03, 2.56014708e-03, 5.44851786e-03, 2.85554864e-03,
       3.21659492e-03, 2.85554864e-03, 7.61479605e-03, 3.11812782e-03,
       2.95401574e-03, 2.88837100e-03, 7.35221710e-03, 1.18160632e-03,
       2.23192293e-03, 1.41136313e-03, 2.02185977e-02, 5.08747157e-03,
       2.26474553e-03, 3.84022063e-03, 3.51199647e-03, 5.64545253e-03,
       2.72425893e-03, 2.00216635e-03, 1.07001020e-02, 2.03498872e-03,
       4.16844431e-03, 2.85554864e-03, 2.72425893e-03, 4.66078054e-03,
       1.87087664e-03, 1.24068661e-02, 2.95401574e-03, 9.09180380e-03,
       3.87304300e-03, 4.56231320e-03, 2.62579182e-03, 1.90369901e-03,
       4.03715484e-03, 3.57764144e-03, 4.62795794e-03, 5.74391941e-03,
       2.59296945e-03, 1.06016342e-02, 2.10063346e-03, 5.67827467e-03,
       3.84022063e-03, 5.61262993e-03, 8.99333693e-03, 6.95834821e-03,
       4.89053736e-03, 3.70893092e-03, 3.44635174e-03, 3.84022063e-03,
       2.23192293e-03, 4.36537899e-03, 1.70676468e-03, 2.85554864e-03,
       3.80739802e-03, 8.76358058e-03, 3.61046381e-03, 1.73958705e-03,
       3.93868797e-03, 1.87087664e-03, 2.46167975e-03, 1.44418550e-03,
       1.95621494e-02, 3.28223966e-03, 4.95618209e-03, 4.03715484e-03,
       6.33472297e-03, 5.02182683e-03, 2.39603501e-03, 2.65861419e-03,
       3.31506226e-03, 3.41352937e-03, 6.23625563e-03, 6.92552608e-03,
       4.66078054e-03, 3.67610855e-03, 9.28873848e-03, 2.13345583e-03,
       2.92119337e-03, 2.52732472e-03, 2.72425893e-03, 2.19910056e-03,
       1.80523191e-03, 2.75708130e-03, 1.93652150e-03, 4.13562218e-03,
       3.34788463e-03, 5.41569572e-03, 2.09406894e-02, 2.33039027e-03,
       5.31722838e-03, 2.49450235e-03, 2.98683811e-03, 4.36537899e-03,
       7.02399295e-03, 7.61479605e-03, 2.59296945e-03, 6.46601245e-03,
       7.64761865e-03, 4.10279958e-03, 2.95401574e-03, 4.29973425e-03,
       2.65861419e-03, 4.39820113e-03, 3.64328618e-03, 2.98683811e-03,
       5.31722838e-03, 3.64328618e-03, 5.08747157e-03, 2.49450235e-03,
       2.46167975e-03, 1.03062326e-02, 3.31506226e-03, 2.39603501e-03,
       4.66078054e-03, 2.29756790e-03, 1.41136313e-03, 2.95401574e-03,
       3.47917411e-03, 4.36537899e-03, 4.20126691e-03, 6.46601245e-03,
       5.35005098e-03 ]
