%YAML:1.0
mandawa-19mar49: !!opencv-matrix
   rows: 1
   cols: 200
   dt: f
   data: [ 2.58343806e-03, 3.07219662e-03, 5.62072359e-03,
       4.39882698e-03, 4.43373807e-03, 3.97989107e-03, 3.42130987e-03,
       1.01242848e-02, 3.31657589e-03, 4.81776288e-03, 9.53079201e-03,
       2.79290602e-03, 3.43178324e-02, 5.65563468e-03, 2.65326072e-03,
       4.53847228e-03, 5.83019108e-03, 4.88758553e-03, 5.41125517e-03,
       3.97989107e-03, 1.04384860e-02, 3.10710794e-03, 4.99231927e-03,
       5.30652143e-03, 2.02485686e-03, 2.05976819e-03, 3.14201927e-03,
       7.12191034e-03, 4.46864963e-03, 9.70534794e-03, 4.43373807e-03,
       3.49113252e-03, 4.46864963e-03, 3.91006842e-03, 3.03728529e-03,
       4.22427058e-03, 3.49113252e-03, 2.40888144e-03, 2.89763999e-03,
       2.47870409e-03, 5.51598938e-03, 2.75799469e-03, 4.08462528e-03,
       5.06214239e-03, 3.70060047e-03, 8.76274239e-03, 4.15444747e-03,
       4.15444747e-03, 3.97989107e-03, 7.08699878e-03, 4.74794023e-03,
       4.04971372e-03, 7.47102359e-03, 5.58581203e-03, 3.63077782e-03,
       3.97989107e-03, 4.22427058e-03, 2.23432481e-03, 6.63315179e-03,
       3.52604385e-03, 7.85504840e-03, 3.07219662e-03, 4.22427058e-03,
       9.60061420e-03, 6.87753130e-03, 2.37397011e-03, 3.77042312e-03,
       3.56095517e-03, 4.25918167e-03, 4.08462528e-03, 3.10710794e-03,
       5.93492528e-03, 4.04971372e-03, 2.47870409e-03, 5.34143299e-03,
       4.46864963e-03, 4.36391588e-03, 3.59586650e-03, 3.38639854e-03,
       3.24675324e-03, 2.75799469e-03, 7.50593469e-03, 3.84024577e-03,
       4.60829493e-03, 5.69054577e-03, 6.84261974e-03, 1.78047759e-03,
       2.79290602e-03, 5.13196457e-03, 3.45622119e-03, 5.06214239e-03,
       3.00237397e-03, 2.23432481e-03, 2.05976819e-03, 3.70060047e-03,
       7.47102359e-03, 5.23669878e-03, 4.11953637e-03, 2.30414746e-03,
       9.42605734e-03, 4.60829493e-03, 2.86272867e-03, 3.04426756e-02,
       2.61834939e-03, 3.73551180e-03, 4.29409277e-03, 6.00474793e-03,
       5.90001419e-03, 6.28403854e-03, 3.59586650e-03, 2.79290602e-03,
       4.43373807e-03, 5.90001419e-03, 3.28166457e-03, 3.94497998e-03,
       4.08462528e-03, 4.88758553e-03, 3.45622119e-03, 4.39882698e-03,
       4.50356118e-03, 2.02485686e-03, 4.60829493e-03, 6.07457059e-03,
       1.92012289e-03, 6.24912698e-03, 3.38639854e-03, 5.20178769e-03,
       8.34380649e-03, 3.97989107e-03, 7.26155564e-03, 3.97989107e-03,
       3.31657589e-03, 3.17693059e-03, 2.79290602e-03, 1.64083228e-03,
       3.59586650e-03, 2.65326072e-03, 6.56332914e-03, 2.26923614e-03,
       5.37634408e-03, 5.86510263e-03, 4.29409277e-03, 2.61834939e-03,
       3.42130987e-03, 2.33905879e-03, 3.49113252e-03, 4.18935902e-03,
       5.76036889e-03, 2.86272867e-03, 5.30652143e-03, 4.18935902e-03,
       5.76036889e-03, 5.76036889e-03, 5.13196457e-03, 5.44616673e-03,
       6.45859540e-03, 4.36391588e-03, 1.89568494e-02, 1.06130429e-02,
       6.00474793e-03, 1.18698506e-03, 1.27426339e-02, 3.35846953e-02,
       3.35148722e-03, 3.70060047e-03, 5.16687613e-03, 2.44379276e-03,
       4.32900432e-03, 6.42368384e-03, 4.11953637e-03, 4.85267397e-03,
       3.73551180e-03, 4.74794023e-03, 5.30652143e-03, 3.10710794e-03,
       7.01717660e-03, 1.53609831e-03, 5.23669878e-03, 4.53847228e-03,
       3.59586650e-03, 6.94735348e-03, 5.34143299e-03, 3.91006842e-03,
       3.80533445e-03, 2.65326072e-03, 4.39882698e-03, 6.31895009e-03,
       4.15444747e-03, 3.31657589e-03, 2.82781734e-03, 3.21184192e-03,
       2.51361541e-03, 3.17693059e-03, 4.18935902e-03, 2.05976819e-03,
       2.40888144e-03, 3.66568915e-03, 8.02960433e-03, 4.15444747e-03,
       6.31895009e-03 ]
