%YAML:1.0
mandawa-19mar44: !!opencv-matrix
   rows: 1
   cols: 200
   dt: f
   data: [ 2.33798940e-03, 3.71680362e-03, 1.90935805e-02,
       4.97572077e-03, 4.28631390e-03, 5.45530859e-03, 3.98657145e-03,
       2.87752529e-03, 4.79587540e-03, 3.62688093e-03, 6.50440622e-03,
       8.15298874e-03, 1.37881422e-02, 4.52610757e-03, 2.21809256e-03,
       6.23463839e-03, 4.04652022e-03, 9.41190589e-03, 6.14471547e-03,
       4.22636513e-03, 1.71752293e-02, 1.21995090e-02, 6.47443207e-03,
       4.43618512e-03, 2.15814402e-03, 2.15814402e-03, 2.09819549e-03,
       2.63773161e-03, 4.76590125e-03, 2.69767991e-03, 4.07649437e-03,
       4.10646852e-03, 2.06822134e-03, 1.12703079e-02, 2.63773161e-03,
       4.04652022e-03, 1.23194056e-02, 4.76590125e-03, 2.36796355e-03,
       5.24548907e-03, 2.69767991e-03, 4.10646852e-03, 4.25633974e-03,
       3.77675192e-03, 4.55608172e-03, 2.21809256e-03, 3.44703556e-03,
       4.79587540e-03, 5.51525690e-03, 3.71680362e-03, 3.11731920e-03,
       1.03111323e-02, 2.45788624e-03, 1.90935805e-02, 3.59690678e-03,
       3.35711287e-03, 7.40363309e-03, 2.00827280e-03, 4.19639098e-03,
       3.86667461e-03, 1.79845339e-03, 4.43618512e-03, 5.03566954e-03,
       4.43618512e-03, 8.36280826e-03, 2.72765430e-03, 3.95659730e-03,
       3.47700971e-03, 5.36538567e-03, 4.67597879e-03, 4.28631390e-03,
       7.31371017e-03, 3.02739651e-03, 4.37623635e-03, 4.43618512e-03,
       2.33798940e-03, 2.93747382e-03, 3.68682924e-03, 4.25633974e-03,
       4.25633974e-03, 3.50698410e-03, 1.09405909e-02, 3.83670046e-03,
       5.12559200e-03, 8.90234392e-03, 3.05737066e-03, 7.79329799e-03,
       6.50440622e-03, 1.35483481e-02, 5.51525690e-03, 4.82585002e-03,
       2.72765430e-03, 2.06822134e-03, 2.51783477e-03, 3.14729335e-03,
       1.07607460e-02, 2.54780892e-03, 3.14729335e-03, 5.87494764e-03,
       3.98657145e-03, 3.74677777e-03, 3.83670046e-03, 6.89407112e-03,
       2.30801501e-03, 3.62688093e-03, 3.80672631e-03, 1.04909781e-02,
       9.53180250e-03, 3.44703556e-03, 2.75762845e-03, 7.22378772e-03,
       3.32713872e-03, 2.69767991e-03, 2.57778307e-03, 1.04909781e-02,
       6.11474132e-03, 6.50440622e-03, 3.11731920e-03, 3.53695825e-03,
       3.38708702e-03, 3.77675192e-03, 5.42533444e-03, 2.00827280e-03,
       2.21809256e-03, 2.33798940e-03, 3.65685509e-03, 1.03710806e-02,
       6.56435452e-03, 3.17726750e-03, 2.75762845e-03, 4.25633974e-03,
       3.92662315e-03, 5.90492180e-03, 4.25633974e-03, 9.59175115e-04,
       2.84755114e-03, 1.94832450e-03, 1.29788378e-02, 2.93747382e-03,
       2.84755114e-03, 4.91577247e-03, 3.53695825e-03, 3.47700971e-03,
       2.09819549e-03, 2.27804086e-03, 3.38708702e-03, 7.04394234e-03,
       3.86667461e-03, 3.32713872e-03, 2.96744797e-03, 1.94832450e-03,
       3.77675192e-03, 3.89664900e-03, 3.89664900e-03, 7.85324629e-03,
       6.53438037e-03, 3.53695825e-03, 1.30987354e-02, 3.62688093e-03,
       1.91835023e-03, 2.12816987e-03, 1.55566214e-02, 1.00113899e-02,
       2.60775746e-03, 6.44445792e-03, 2.24806671e-03, 2.96744797e-03,
       6.32456085e-03, 2.78760260e-03, 4.01654560e-03, 4.37623635e-03,
       6.29458670e-03, 2.15814402e-03, 1.64558478e-02, 2.60775746e-03,
       3.68682924e-03, 4.76590125e-03, 4.07649437e-03, 3.26719019e-03,
       3.59690678e-03, 8.21293704e-03, 3.98657145e-03, 4.13644267e-03,
       4.07649437e-03, 1.82842754e-03, 5.54523105e-03, 4.16641682e-03,
       2.45788624e-03, 3.17726750e-03, 2.48786039e-03, 1.50770340e-02,
       2.78760260e-03, 5.84497349e-03, 2.81757698e-03, 1.43576525e-02,
       4.40621050e-03, 3.92662315e-03, 3.20724188e-03, 3.74677777e-03,
       1.67855644e-03 ]
