%YAML:1.0
mandawa-19mar26_2: !!opencv-matrix
   rows: 1
   cols: 200
   dt: f
   data: [ 2.46543973e-03, 2.11323402e-03, 1.17108384e-02,
       1.93713128e-03, 3.43400543e-03, 3.34595400e-03, 3.52205685e-03,
       1.23271989e-02, 2.81764544e-03, 4.40257089e-03, 8.18878226e-03,
       1.62014607e-02, 3.95350866e-02, 4.57867375e-03, 3.78621113e-03,
       2.37738830e-03, 2.64154258e-03, 1.34718670e-02, 3.08179972e-03,
       1.76102843e-03, 1.89310554e-02, 2.46543973e-03, 3.43400543e-03,
       1.67297700e-03, 4.66672517e-03, 4.05036518e-03, 5.81139373e-03,
       5.10698231e-03, 1.40882272e-03, 2.61512715e-02, 1.01259137e-02,
       2.28933687e-03, 3.69815971e-03, 2.20128545e-03, 2.37738830e-03,
       2.72959401e-03, 2.72959401e-03, 1.58492557e-03, 3.08179972e-03,
       8.98124464e-03, 5.81139373e-03, 1.76102843e-03, 3.08179972e-03,
       5.19503374e-03, 1.58492557e-03, 3.84784713e-02, 1.49687415e-03,
       1.49687415e-03, 1.76102843e-03, 7.22021656e-03, 5.45918802e-03,
       2.99374829e-03, 5.19503374e-03, 6.16359944e-03, 2.28933687e-03,
       2.64154258e-03, 3.69815971e-03, 2.11323402e-03, 6.33970229e-03,
       4.49062232e-03, 7.13216513e-03, 1.49687415e-03, 2.28933687e-03,
       5.54723945e-03, 1.08303251e-02, 4.05036518e-03, 1.76102843e-03,
       2.46543973e-03, 3.87426256e-03, 2.28933687e-03, 2.20128545e-03,
       3.25790257e-03, 7.92462786e-04, 1.49687415e-03, 1.32077129e-03,
       2.81764544e-03, 3.69815971e-03, 3.87426256e-03, 3.43400543e-03,
       9.68565641e-04, 3.43400543e-03, 1.59373078e-02, 1.32077129e-03,
       1.40882272e-03, 1.17108384e-02, 6.42775372e-03, 2.72959401e-03,
       3.16985114e-03, 3.25790257e-03, 7.92462786e-04, 9.68565641e-04,
       3.78621113e-03, 3.25790257e-03, 2.99374829e-03, 3.25790257e-03,
       1.26794046e-02, 5.19503374e-03, 2.64154258e-03, 3.61010828e-03,
       4.66672517e-03, 3.25790257e-03, 2.81764544e-03, 2.52707582e-02,
       2.81764544e-03, 3.34595400e-03, 1.32077129e-03, 5.98749658e-03,
       1.49687415e-03, 8.36488511e-03, 3.25790257e-03, 1.49687415e-03,
       4.84282803e-03, 9.77370795e-03, 2.72959401e-03, 1.49687415e-03,
       4.66672517e-03, 1.67297700e-03, 1.93713128e-03, 3.96231376e-03,
       3.34595400e-03, 8.80514213e-04, 3.43400543e-03, 5.01893088e-03,
       6.25165086e-03, 1.05661701e-03, 3.16985114e-03, 4.57867375e-03,
       2.67676320e-02, 5.01893088e-03, 1.05661703e-02, 1.49687415e-03,
       1.84907985e-03, 2.81764544e-03, 3.61010828e-03, 3.61010828e-03,
       1.23271986e-03, 3.43400543e-03, 6.16359944e-03, 1.93713128e-03,
       2.28933687e-03, 2.02518259e-03, 2.90569686e-03, 3.52205685e-03,
       1.84907985e-03, 4.84282803e-03, 1.58492557e-03, 2.46543973e-03,
       2.28933687e-03, 1.67297700e-03, 2.37738830e-03, 3.78621113e-03,
       8.54098797e-03, 4.13841661e-03, 1.84907985e-03, 9.24539939e-03,
       6.95606228e-03, 2.90569686e-03, 3.19626667e-02, 1.43523812e-02,
       4.05036518e-03, 5.98749658e-03, 1.05661703e-02, 2.29814202e-02,
       2.64154258e-03, 2.99374829e-03, 5.28308516e-03, 2.11323402e-03,
       5.45918802e-03, 4.31451946e-03, 1.76102843e-03, 1.14466844e-03,
       2.64154258e-03, 5.63529087e-03, 4.93087946e-03, 3.61010828e-03,
       1.67297700e-03, 3.34595400e-03, 4.57867375e-03, 6.16359944e-03,
       3.34595400e-03, 6.51580514e-03, 4.57867375e-03, 2.72959401e-03,
       3.61010828e-03, 2.72959401e-03, 2.90569686e-03, 2.20128545e-03,
       4.22646804e-03, 3.69815971e-03, 5.63529087e-03, 3.87426256e-03,
       3.34595400e-03, 7.92462786e-04, 2.99374829e-03, 2.90569686e-03,
       2.20128545e-03, 1.76102843e-03, 5.37113659e-03, 2.81764544e-03,
       6.25165086e-03 ]
