%YAML:1.0
mandawa056: !!opencv-matrix
   rows: 1
   cols: 200
   dt: f
   data: [ 1.35484664e-03, 6.95898477e-03, 2.52494146e-03,
       3.38711659e-03, 4.68037929e-03, 1.23783713e-02, 6.52789744e-03,
       6.09681010e-03, 5.41938655e-03, 4.43404354e-03, 4.18770779e-03,
       2.34018965e-03, 1.61349922e-02, 4.55721142e-03, 8.06749612e-03,
       4.31087567e-03, 4.86513134e-03, 7.82116037e-03, 2.83286115e-03,
       6.03522593e-03, 1.01613495e-02, 1.35484664e-03, 2.58652540e-03,
       6.21997751e-03, 4.43404354e-03, 5.11146709e-03, 5.60413860e-03,
       3.69503628e-03, 3.69503628e-03, 8.74491967e-03, 1.22552039e-02,
       4.49562725e-03, 3.69503628e-03, 2.46335752e-03, 2.03226996e-03,
       5.85047435e-03, 1.53959845e-03, 1.23167876e-03, 4.37245984e-03,
       1.67508312e-02, 4.86513134e-03, 5.60413860e-03, 1.53959845e-03,
       5.91205806e-03, 3.38711659e-03, 5.85047435e-03, 5.60413860e-03,
       1.72435027e-03, 5.91205806e-03, 3.01761297e-03, 2.34018965e-03,
       1.17009482e-03, 3.38711659e-03, 3.44870053e-03, 5.35780285e-03,
       7.26690469e-03, 8.43699928e-03, 6.28156168e-03, 4.49562725e-03,
       5.48097026e-03, 1.84751814e-03, 4.37245984e-03, 3.26394872e-03,
       4.00295574e-03, 2.77127721e-03, 6.03522593e-03, 6.09681010e-03,
       5.78889018e-03, 3.81820416e-03, 3.81820416e-03, 5.97364176e-03,
       2.89444509e-03, 4.43404354e-03, 2.21702177e-03, 3.75662022e-03,
       3.38711659e-03, 3.94137204e-03, 4.98829875e-03, 2.95602903e-03,
       9.79184639e-03, 1.53959845e-03, 7.57482462e-03, 4.18770779e-03,
       3.75662022e-03, 3.26394872e-03, 5.41938655e-03, 3.87978810e-03,
       1.18241161e-02, 3.14078084e-03, 5.04988292e-03, 4.43404354e-03,
       4.74196300e-03, 6.28156168e-03, 1.35484664e-03, 5.54255443e-03,
       3.51028447e-03, 3.07919690e-03, 2.89444509e-03, 2.09385389e-03,
       4.49562725e-03, 3.69503628e-03, 4.00295574e-03, 1.41643062e-02,
       3.14078084e-03, 3.32553266e-03, 2.77127721e-03, 2.89444509e-03,
       4.55721142e-03, 3.32553266e-03, 4.12612408e-03, 3.26394872e-03,
       4.55721142e-03, 5.85047435e-03, 5.66572230e-03, 6.15839381e-03,
       2.29092240e-02, 4.61879559e-03, 5.23463450e-03, 2.64810934e-03,
       9.17600654e-03, 4.12612408e-03, 6.95898477e-03, 3.57186841e-03,
       5.85047435e-03, 8.68333504e-03, 3.69503628e-03, 7.88274407e-03,
       6.03522593e-03, 2.46335752e-03, 4.18770779e-03, 6.34314585e-03,
       4.55721142e-03, 2.83286115e-03, 4.31087567e-03, 3.38711659e-03,
       4.74196300e-03, 7.32848886e-03, 2.64810934e-03, 9.85343009e-04,
       5.66572230e-03, 3.94137204e-03, 4.61879559e-03, 4.55721142e-03,
       4.74196300e-03, 4.49562725e-03, 4.55721142e-03, 3.32553266e-03,
       4.92671505e-03, 3.94137204e-03, 4.55721142e-03, 3.32553266e-03,
       1.17625324e-02, 1.78593420e-03, 2.83286115e-03, 6.21997751e-03,
       3.01761297e-03, 3.75662022e-03, 8.37541558e-03, 7.26690469e-03,
       9.23759071e-04, 5.97364176e-03, 2.09385389e-03, 6.89740106e-03,
       5.35780285e-03, 4.00295574e-03, 2.40177359e-03, 3.94137204e-03,
       3.63345235e-03, 5.66572230e-03, 3.63345235e-03, 3.14078084e-03,
       6.89740106e-03, 2.40177359e-03, 3.63345235e-03, 2.58652540e-03,
       2.52494141e-02, 1.55807361e-02, 3.87978810e-03, 2.40177359e-03,
       4.31087567e-03, 5.97364176e-03, 4.31087567e-03, 4.92671505e-03,
       6.21997751e-03, 6.65106531e-03, 4.18770779e-03, 3.75662022e-03,
       3.14078084e-03, 5.97364176e-03, 5.35780285e-03, 7.08215311e-03,
       3.26394872e-03, 5.04988292e-03, 4.12612408e-03, 3.63345235e-03,
       5.66572230e-03, 5.23463450e-03, 4.55721142e-03, 4.61879559e-03,
       8.00591195e-04 ]
