%YAML:1.0
mandawa-19mar18_22: !!opencv-matrix
   rows: 1
   cols: 200
   dt: f
   data: [ 4.11226461e-03, 3.59823159e-03, 6.78523676e-03,
       5.14033111e-03, 7.09365681e-03, 9.76662897e-03, 5.55155752e-03,
       6.37401035e-03, 6.88804360e-03, 1.54209929e-03, 4.83191106e-03,
       2.36455211e-03, 1.17199542e-02, 5.14033111e-03, 5.14033076e-04,
       5.44875069e-03, 3.39261838e-03, 8.43014289e-03, 7.60768959e-03,
       8.63575563e-03, 1.15143415e-02, 7.60768959e-03, 9.97224171e-03,
       9.35540255e-03, 1.54209929e-03, 2.87858536e-03, 3.49542499e-03,
       4.21507144e-03, 3.28981178e-03, 5.14033076e-04, 5.03752427e-03,
       3.28981178e-03, 3.39261838e-03, 4.93471790e-03, 2.67297216e-03,
       5.24313748e-03, 7.60768959e-03, 5.55155752e-03, 1.95332570e-03,
       2.77577876e-03, 4.00945824e-03, 3.80384480e-03, 4.62629786e-03,
       3.08419857e-03, 4.62629786e-03, 1.85051910e-03, 7.81330280e-03,
       5.14033111e-03, 4.93471790e-03, 6.27120351e-03, 6.27120351e-03,
       5.03752427e-03, 3.80384480e-03, 6.47681672e-03, 2.98139197e-03,
       3.08419857e-03, 4.72910423e-03, 1.64490589e-03, 7.81330280e-03,
       3.59823159e-03, 4.93471790e-03, 1.03834681e-02, 8.01891647e-03,
       2.15893891e-03, 5.34594432e-03, 3.28981178e-03, 3.18700518e-03,
       4.11226461e-03, 4.62629786e-03, 4.21507144e-03, 9.04698204e-03,
       6.57962356e-03, 4.00945824e-03, 3.49542499e-03, 3.90665140e-03,
       2.57016555e-03, 4.11226461e-03, 5.55155752e-03, 3.70103819e-03,
       3.39261838e-03, 4.00945824e-03, 6.88804360e-03, 5.55155752e-03,
       1.01778554e-02, 8.32733605e-03, 2.57016555e-03, 2.67297216e-03,
       1.74771249e-03, 6.47681672e-03, 9.56101529e-03, 2.57016555e-03,
       2.05613230e-03, 3.18700518e-03, 3.28981178e-03, 4.11226461e-03,
       9.25259572e-03, 2.26174551e-03, 7.71049643e-03, 6.16839714e-03,
       3.70103819e-03, 3.70103819e-03, 6.68243039e-03, 4.42068465e-03,
       4.83191106e-03, 4.11226461e-03, 3.90665140e-03, 6.06559031e-03,
       1.25424070e-02, 6.16839714e-03, 3.39261838e-03, 5.85997710e-03,
       5.03752427e-03, 4.11226461e-03, 4.21507144e-03, 1.15143415e-02,
       4.31787781e-03, 6.37401035e-03, 3.80384480e-03, 3.90665140e-03,
       3.59823159e-03, 2.98139197e-03, 6.06559031e-03, 2.67297216e-03,
       1.02806615e-03, 1.32620540e-02, 3.70103819e-03, 7.09365681e-03,
       3.90665140e-03, 4.93471790e-03, 4.83191106e-03, 7.19646318e-03,
       1.54209929e-03, 5.44875069e-03, 5.34594432e-03, 6.16839738e-04,
       3.18700518e-03, 1.74771249e-03, 5.34594432e-03, 2.26174551e-03,
       3.49542499e-03, 7.40207639e-03, 3.90665140e-03, 5.14033111e-03,
       2.46735895e-03, 1.85051910e-03, 2.87858536e-03, 5.75717073e-03,
       1.15143415e-02, 5.03752427e-03, 2.26174551e-03, 3.08419857e-03,
       3.18700518e-03, 5.96278394e-03, 2.98139197e-03, 9.35540255e-03,
       8.84136930e-03, 5.85997710e-03, 1.25424070e-02, 1.54209929e-03,
       4.52349102e-03, 1.33648608e-03, 6.88804360e-03, 6.06559031e-03,
       4.00945824e-03, 6.68243039e-03, 3.18700518e-03, 5.03752427e-03,
       8.01891647e-03, 3.49542499e-03, 5.44875069e-03, 3.39261838e-03,
       3.18700518e-03, 4.42068465e-03, 6.99084997e-03, 3.70103819e-03,
       1.33648608e-02, 1.85051910e-03, 4.62629786e-03, 5.44875069e-03,
       5.34594432e-03, 1.22339875e-02, 5.03752427e-03, 5.75717073e-03,
       4.93471790e-03, 1.13087276e-03, 5.65436389e-03, 6.78523676e-03,
       1.95332570e-03, 3.08419857e-03, 2.46735895e-03, 5.24313748e-03,
       3.28981178e-03, 7.60768959e-03, 4.31787781e-03, 6.68243039e-03,
       5.55155752e-03, 4.72910423e-03, 2.57016555e-03, 1.74771249e-03,
       3.08419857e-03 ]
