%YAML:1.0
mandawa-19mar19_22: !!opencv-matrix
   rows: 1
   cols: 200
   dt: f
   data: [ 3.44980089e-03, 6.81114569e-03, 7.07651488e-03,
       3.53825744e-03, 3.62671399e-03, 7.34188408e-03, 8.75718705e-03,
       5.13047352e-03, 5.57275536e-03, 5.57275536e-03, 3.53825744e-03,
       9.46483854e-03, 1.29146399e-02, 3.71517031e-03, 5.48429880e-03,
       4.95356042e-03, 3.98053974e-03, 8.84564407e-03, 7.07651488e-03,
       3.44980089e-03, 2.18487401e-02, 2.47678021e-03, 7.07651488e-03,
       3.27288825e-03, 5.21892961e-03, 5.66121191e-03, 1.68067229e-03,
       4.15745238e-03, 3.80362663e-03, 5.66121191e-03, 5.39584272e-03,
       5.66121191e-03, 2.03449791e-03, 4.77664731e-03, 2.83060595e-03,
       3.98053974e-03, 3.62671399e-03, 1.50375941e-03, 3.80362663e-03,
       3.09597515e-03, 2.12295447e-03, 3.36134457e-03, 3.89208319e-03,
       5.48429880e-03, 1.76912872e-03, 8.93410016e-03, 3.44980089e-03,
       2.56523676e-03, 4.86510387e-03, 6.63423259e-03, 5.39584272e-03,
       6.10349420e-03, 3.44980089e-03, 4.51127812e-03, 2.91906251e-03,
       4.42282204e-03, 1.03494031e-02, 3.89208319e-03, 5.57275536e-03,
       4.86510387e-03, 2.03449791e-03, 4.42282204e-03, 3.98053974e-03,
       1.02609470e-02, 1.28261829e-02, 2.38832366e-03, 3.44980089e-03,
       5.74966846e-03, 4.51127812e-03, 6.01503765e-03, 3.62671399e-03,
       4.68819123e-03, 3.53825744e-03, 4.42282204e-03, 4.68819123e-03,
       4.24590893e-03, 2.91906251e-03, 5.04201697e-03, 2.91906251e-03,
       7.43034063e-03, 6.63423259e-03, 2.23794784e-02, 2.21141102e-03,
       5.04201697e-03, 6.63423259e-03, 5.74966846e-03, 1.76912872e-03,
       8.84564407e-03, 4.42282204e-03, 2.65369308e-03, 4.33436548e-03,
       2.47678021e-03, 2.47678021e-03, 2.83060595e-03, 4.15745238e-03,
       6.72268914e-03, 2.83060595e-03, 5.74966846e-03, 1.59221585e-03,
       5.92658110e-03, 3.18443170e-03, 3.27288825e-03, 1.19416192e-02,
       4.59973468e-03, 2.91906251e-03, 3.44980089e-03, 8.40336177e-03,
       4.33436548e-03, 4.33436548e-03, 4.42282204e-03, 3.98053974e-03,
       3.62671399e-03, 3.62671399e-03, 2.38832366e-03, 4.33436548e-03,
       9.28792544e-03, 3.36134457e-03, 5.04201697e-03, 4.15745238e-03,
       6.19195029e-03, 2.56523676e-03, 5.21892961e-03, 3.71517031e-03,
       5.30738616e-03, 2.29986734e-03, 6.54577650e-03, 1.37107475e-02,
       1.07032284e-02, 4.24590893e-03, 5.74966846e-03, 3.00751883e-03,
       4.42282204e-03, 2.12295447e-03, 4.86510387e-03, 2.56523676e-03,
       3.80362663e-03, 2.74214940e-03, 3.89208319e-03, 2.91906251e-03,
       3.44980089e-03, 3.09597515e-03, 3.98053974e-03, 7.34188408e-03,
       2.56523676e-03, 1.94604159e-03, 2.03449791e-03, 2.56523676e-03,
       4.77664731e-03, 3.44980089e-03, 3.89208319e-03, 2.83060595e-03,
       1.29146399e-02, 6.45731995e-03, 3.53825744e-03, 6.63423259e-03,
       7.25342799e-03, 4.15745238e-03, 1.16762500e-02, 1.17647061e-02,
       2.29986734e-03, 4.59973468e-03, 5.57275536e-03, 1.29146399e-02,
       5.92658110e-03, 3.53825744e-03, 2.91906251e-03, 4.51127812e-03,
       5.57275536e-03, 5.48429880e-03, 2.38832366e-03, 3.09597515e-03,
       4.33436548e-03, 3.44980089e-03, 3.27288825e-03, 2.03449791e-03,
       4.86510387e-03, 5.04201697e-03, 3.62671399e-03, 5.04201697e-03,
       4.15745238e-03, 7.51879718e-03, 7.25342799e-03, 5.04201697e-03,
       3.00751883e-03, 5.83812501e-03, 3.09597515e-03, 3.71517031e-03,
       2.47678021e-03, 4.95356042e-03, 2.03449791e-03, 1.10570546e-02,
       5.57275536e-03, 5.04201697e-03, 2.65369308e-03, 5.66121191e-03,
       5.92658110e-03, 1.94604159e-03, 4.95356042e-03, 4.86510387e-03,
       2.12295447e-03 ]
