%YAML:1.0
mandawa066: !!opencv-matrix
   rows: 1
   cols: 200
   dt: f
   data: [ 3.44542018e-03, 1.92148425e-03, 2.94848462e-03,
       9.97184124e-03, 2.58406508e-03, 2.31903279e-03, 5.20125916e-03,
       4.33990406e-03, 9.37551819e-03, 1.98774226e-03, 3.01474263e-03,
       5.33377519e-03, 4.50554956e-03, 2.91535538e-03, 3.37916194e-03,
       4.43929108e-03, 3.34603293e-03, 9.07735713e-03, 2.15338753e-03,
       1.98774226e-03, 4.83683962e-03, 2.05400051e-03, 2.88222637e-03,
       2.45154882e-03, 3.47854919e-03, 2.88222637e-03, 4.07487201e-03,
       1.62332295e-03, 1.05019053e-02, 3.41229094e-03, 3.04787164e-03,
       7.05648540e-03, 2.45154882e-03, 3.01474263e-03, 2.51780706e-03,
       1.72271009e-03, 3.44873294e-02, 1.15951640e-03, 1.82209711e-03,
       7.91784003e-03, 3.77671048e-03, 2.45154882e-03, 3.18038790e-03,
       4.93622664e-03, 3.94235551e-03, 4.70432360e-03, 9.17674415e-03,
       7.71906599e-03, 4.70432360e-03, 2.51780706e-03, 4.57180757e-03,
       7.61967909e-04, 2.24283598e-02, 5.30064618e-03, 2.48467806e-03,
       6.62580784e-03, 7.38777593e-03, 1.75583910e-03, 6.72519486e-03,
       2.81596836e-03, 2.24283598e-02, 2.68345210e-03, 7.98409805e-03,
       8.44790507e-03, 4.36972044e-02, 3.71045247e-03, 3.24664591e-03,
       2.99486518e-02, 1.78896810e-03, 5.89696923e-03, 3.84296849e-03,
       8.34851805e-03, 3.51167819e-03, 2.65032309e-03, 4.33990406e-03,
       2.68345210e-03, 3.97548452e-03, 5.26751718e-03, 2.48467806e-03,
       2.71658134e-03, 5.00248512e-03, 8.77919514e-03, 3.84296849e-03,
       1.75583910e-03, 4.10800101e-03, 5.93009824e-03, 2.45154882e-03,
       2.28590379e-03, 3.74358147e-03, 1.84860043e-02, 3.31290392e-03,
       1.72271009e-03, 3.84296849e-03, 3.57793621e-03, 4.37303307e-03,
       3.74358147e-03, 2.25277478e-03, 1.88835524e-03, 2.25277478e-03,
       4.47242009e-03, 4.57180757e-03, 2.88222637e-03, 7.38777593e-03,
       1.82209711e-03, 1.62001010e-02, 4.50554956e-03, 4.93622664e-03,
       1.82209711e-03, 2.41841981e-03, 2.71658134e-03, 3.61106521e-03,
       3.11412965e-03, 2.98161362e-03, 3.51167819e-03, 5.63193671e-03,
       2.48467806e-03, 9.67367925e-03, 1.12638739e-03, 8.01722798e-03,
       1.00049702e-02, 4.86996863e-03, 1.58688091e-02, 4.14113002e-03,
       5.43316267e-03, 2.58406508e-03, 4.53867856e-03, 2.65032309e-03,
       2.12025852e-03, 3.21351690e-03, 1.52393582e-03, 3.71045247e-03,
       2.91535538e-03, 9.93871223e-03, 1.88835524e-03, 1.82209711e-03,
       4.90309764e-03, 2.02087150e-03, 1.29203254e-03, 2.78283935e-03,
       1.85191333e-02, 3.14725866e-03, 6.62580784e-03, 2.58406508e-03,
       1.98774226e-03, 6.02948526e-03, 1.95461325e-03, 2.02087150e-03,
       2.35216180e-03, 5.43316267e-03, 5.53254969e-03, 6.29451731e-03,
       2.65032309e-03, 4.07487201e-03, 6.39390480e-03, 2.18651653e-03,
       1.22577441e-03, 1.92148425e-03, 3.11412965e-03, 1.52393582e-03,
       1.95461325e-03, 1.88835524e-03, 1.49080681e-03, 6.16200129e-03,
       2.51780706e-03, 6.12887228e-03, 1.67632941e-02, 2.35216180e-03,
       5.73132373e-03, 2.71658134e-03, 2.28590379e-03, 4.70432360e-03,
       2.65032309e-03, 2.55093607e-03, 1.98774226e-03, 1.19595835e-02,
       9.37551819e-03, 4.80371062e-03, 1.82209711e-03, 6.95709838e-03,
       3.34603293e-03, 4.47242009e-03, 2.65032309e-03, 5.10187214e-03,
       6.12887228e-03, 5.33377519e-03, 3.41229094e-03, 1.88835524e-03,
       2.08712951e-03, 9.30926017e-03, 3.34603293e-03, 3.97548452e-03,
       4.63806558e-03, 1.98774226e-03, 2.58406508e-03, 3.84296849e-03,
       3.08100064e-03, 4.77058161e-03, 2.08712951e-03, 5.46629168e-03,
       7.38777593e-03 ]
