%YAML:1.0
mandawa-19mar42_1: !!opencv-matrix
   rows: 1
   cols: 200
   dt: f
   data: [ 3.19233816e-03, 4.42574173e-03, 8.63382407e-03,
       1.66872225e-03, 2.53935996e-03, 4.49829502e-03, 3.91786965e-03,
       1.30595663e-03, 4.57084784e-03, 1.95893482e-03, 7.32786721e-03,
       1.57440323e-02, 4.75223102e-02, 2.53935996e-03, 4.86106053e-03,
       1.95893482e-03, 2.10404117e-03, 2.03874335e-02, 6.16701692e-03,
       2.82957265e-03, 4.27337997e-02, 2.17659422e-03, 6.96510170e-03,
       3.26489145e-03, 3.48255085e-03, 4.57084784e-03, 3.11978511e-03,
       2.61191325e-03, 4.06297576e-03, 6.45722961e-03, 6.89254841e-03,
       3.62765719e-03, 1.66872225e-03, 2.32170057e-03, 1.74127542e-03,
       4.28063562e-03, 2.32170057e-03, 2.61191325e-03, 2.39425362e-03,
       9.50446166e-03, 3.04723205e-03, 2.53935996e-03, 2.75701936e-03,
       3.19233816e-03, 2.32170057e-03, 7.18276110e-03, 2.61191325e-03,
       2.61191325e-03, 3.26489145e-03, 5.51403873e-03, 3.55510390e-03,
       3.19233816e-03, 1.74127542e-03, 4.28063562e-03, 3.26489145e-03,
       4.13552905e-03, 1.34948846e-02, 2.61191325e-03, 6.74744230e-03,
       5.07871993e-03, 1.88638177e-03, 2.68446631e-03, 2.46680691e-03,
       4.35318844e-03, 1.20438216e-02, 2.97467876e-03, 3.77276354e-03,
       4.06297576e-03, 3.55510390e-03, 4.20808233e-03, 2.97467876e-03,
       1.81382860e-03, 1.88638177e-03, 2.75701936e-03, 3.55510390e-03,
       2.82957265e-03, 1.81382860e-03, 3.04723205e-03, 3.19233816e-03,
       6.02191081e-03, 2.32170057e-03, 1.92265827e-02, 2.32170057e-03,
       4.49829502e-03, 1.37125440e-02, 3.19233816e-03, 3.91786965e-03,
       6.31212350e-03, 3.04723205e-03, 1.08829711e-03, 3.33744450e-03,
       2.75701936e-03, 2.03148788e-03, 2.46680691e-03, 4.06297576e-03,
       1.63244568e-02, 1.95893482e-03, 4.64340113e-03, 2.03148788e-03,
       6.31212350e-03, 3.19233816e-03, 1.66872225e-03, 1.54538192e-02,
       3.11978511e-03, 2.61191325e-03, 2.24914751e-03, 7.61807989e-03,
       2.68446631e-03, 4.64340113e-03, 3.55510390e-03, 1.59616908e-03,
       3.70021025e-03, 4.35318844e-03, 2.68446631e-03, 2.24914751e-03,
       1.14633963e-02, 4.35318844e-03, 4.49829502e-03, 3.91786965e-03,
       6.60233619e-03, 2.17659422e-03, 7.11020781e-03, 2.75701936e-03,
       4.64340113e-03, 2.39425362e-03, 3.91786965e-03, 1.36399912e-02,
       1.66872237e-02, 3.04723205e-03, 3.84531659e-03, 2.97467876e-03,
       3.70021025e-03, 2.68446631e-03, 3.11978511e-03, 2.24914751e-03,
       2.61191325e-03, 2.82957265e-03, 6.74744230e-03, 3.11978511e-03,
       2.90212571e-03, 3.11978511e-03, 3.11978511e-03, 3.48255085e-03,
       2.90212571e-03, 2.17659422e-03, 2.17659422e-03, 2.97467876e-03,
       4.49829502e-03, 2.17659422e-03, 2.68446631e-03, 2.61191325e-03,
       6.02191081e-03, 3.11978511e-03, 3.70021025e-03, 8.77893064e-03,
       9.21424944e-03, 3.33744450e-03, 3.88159305e-02, 5.80425141e-03,
       3.04723205e-03, 2.82957265e-03, 1.17536094e-02, 1.93716884e-02,
       3.11978511e-03, 3.04723205e-03, 2.17659422e-03, 2.68446631e-03,
       5.87680470e-03, 2.68446631e-03, 1.66872225e-03, 3.48255085e-03,
       1.95893482e-03, 2.32170057e-03, 4.86106053e-03, 1.66872225e-03,
       3.77276354e-03, 1.34948846e-02, 4.78850724e-03, 3.62765719e-03,
       3.40999779e-03, 1.00123333e-02, 4.71595442e-03, 3.40999779e-03,
       2.32170057e-03, 3.77276354e-03, 4.49829502e-03, 2.90212571e-03,
       3.62765719e-03, 2.90212571e-03, 3.48255085e-03, 3.99042293e-03,
       3.40999779e-03, 2.75701936e-03, 2.39425362e-03, 3.04723205e-03,
       4.49829502e-03, 1.81382860e-03, 5.00616664e-03, 5.00616664e-03,
       3.11978511e-03 ]
