%YAML:1.0
mandawa-19mar41: !!opencv-matrix
   rows: 1
   cols: 200
   dt: f
   data: [ 2.93203793e-03, 4.85755550e-03, 8.88363738e-03,
       4.59498493e-03, 2.58194376e-03, 6.69554947e-03, 4.20112908e-03,
       5.38269663e-03, 3.85103491e-03, 8.09592567e-03, 9.75887291e-03,
       2.31937319e-03, 2.08305977e-02, 5.33893472e-03, 4.59498493e-03,
       5.77655248e-03, 4.68250830e-03, 6.12664642e-03, 2.75699096e-03,
       3.15084681e-03, 1.07216313e-02, 5.51398192e-03, 2.84451433e-03,
       1.31285284e-03, 3.50094080e-04, 2.23184982e-03, 1.22532924e-03,
       6.60802564e-03, 4.33241436e-03, 8.53354298e-03, 8.62106681e-03,
       2.93203793e-03, 4.98884078e-03, 9.05868411e-03, 2.31937319e-03,
       2.93203793e-03, 4.90131695e-03, 3.32589378e-03, 3.15084681e-03,
       5.25141135e-03, 4.37617581e-03, 1.09404395e-03, 4.11360525e-03,
       1.44413812e-02, 2.14432622e-03, 1.92114133e-02, 1.75047037e-03,
       3.15084681e-03, 8.31473432e-03, 1.57542340e-03, 1.48789980e-03,
       8.44602007e-03, 8.66482873e-03, 1.00214435e-02, 3.15084681e-03,
       4.55122301e-03, 6.03912305e-03, 2.62570567e-03, 1.35661452e-03,
       4.02608188e-03, 4.94507886e-03, 1.83799397e-03, 3.98231996e-03,
       8.40225816e-03, 5.20764943e-03, 1.66294689e-03, 2.62570567e-03,
       4.24489053e-03, 5.03260223e-03, 4.68250830e-03, 2.05680262e-03,
       5.16388752e-03, 2.88827624e-03, 4.37617581e-03, 3.63222603e-03,
       2.66946736e-03, 5.20764943e-03, 2.36313511e-03, 4.72627021e-03,
       3.19460849e-03, 2.53818207e-03, 7.00188149e-03, 1.88175566e-03,
       3.10708489e-03, 8.31473432e-03, 1.67607535e-02, 4.41993773e-03,
       7.04564340e-03, 1.10717257e-02, 4.24489053e-03, 2.84451433e-03,
       2.97579961e-03, 1.96927926e-03, 3.71974963e-03, 4.11360525e-03,
       9.89015773e-03, 4.11360525e-03, 1.92551746e-03, 2.40689679e-03,
       1.48789985e-02, 8.35849624e-03, 2.10056454e-03, 1.36536695e-02,
       2.40689679e-03, 1.61918509e-03, 3.15084681e-03, 1.21220071e-02,
       5.68902865e-03, 5.07636415e-03, 4.11360525e-03, 4.28865245e-03,
       1.92551746e-03, 5.68902865e-03, 3.50094074e-03, 6.17040833e-03,
       7.22069060e-03, 4.06984380e-03, 5.47022000e-03, 2.40689679e-03,
       1.18156755e-03, 1.79423217e-03, 2.10056454e-03, 7.22069060e-03,
       3.80727323e-03, 1.53166160e-03, 3.85103491e-03, 5.42645808e-03,
       5.73279057e-03, 1.92551746e-03, 7.39573734e-03, 2.71322904e-03,
       4.94507886e-03, 2.58194376e-03, 4.37617581e-03, 2.75699096e-03,
       3.89479659e-03, 2.93203793e-03, 1.14655811e-02, 2.58194376e-03,
       6.65178755e-03, 3.54470266e-03, 2.88827624e-03, 1.83799397e-03,
       4.02608188e-03, 2.75699096e-03, 2.66946736e-03, 5.07636415e-03,
       1.66294689e-03, 4.50746110e-03, 6.73931092e-03, 4.11360525e-03,
       9.97768156e-03, 8.66482873e-03, 3.32589378e-03, 8.22721049e-03,
       2.05680262e-03, 1.92551746e-03, 1.31722894e-02, 1.49665223e-02,
       3.76351131e-03, 2.71322904e-03, 1.15531050e-02, 1.39600011e-02,
       4.85755550e-03, 6.03912305e-03, 5.42645808e-03, 2.36313511e-03,
       4.06984380e-03, 1.46164279e-02, 2.58194376e-03, 3.15084681e-03,
       5.82031393e-03, 4.02608188e-03, 9.62758716e-03, 3.76351131e-03,
       2.62570567e-03, 4.15736716e-03, 1.53166160e-03, 1.05028227e-03,
       1.83799397e-03, 2.75699096e-03, 5.12012606e-03, 1.40037632e-03,
       4.98884078e-03, 3.93855851e-03, 3.15084681e-03, 3.67598794e-03,
       5.16388752e-03, 3.98231996e-03, 7.87711702e-04, 7.65830791e-03,
       2.58194376e-03, 2.53818207e-03, 3.67598794e-03, 8.66482873e-03,
       3.93855851e-03, 1.92551746e-03, 1.33035751e-02, 5.42645808e-03,
       4.50746110e-03 ]
