%YAML:1.0
mandawa-19mar29_1: !!opencv-matrix
   rows: 1
   cols: 200
   dt: f
   data: [ 2.46109860e-03, 4.12829453e-03, 9.84439440e-03,
       5.39853889e-03, 3.89012368e-03, 5.23975864e-03, 3.81073356e-03,
       1.64337885e-02, 3.89012368e-03, 4.04890440e-03, 9.44744330e-03,
       4.92219720e-03, 3.35820876e-02, 7.14512542e-03, 2.22292775e-03,
       5.00158779e-03, 4.44585551e-03, 5.16036805e-03, 4.84280707e-03,
       3.09622101e-03, 1.01619558e-02, 4.60463623e-03, 4.92219720e-03,
       2.30231811e-03, 3.09622101e-03, 4.52524610e-03, 3.09622101e-03,
       4.84280707e-03, 3.25500150e-03, 9.36805271e-03, 6.90695457e-03,
       3.57256271e-03, 6.90695457e-03, 5.79549046e-03, 4.76341695e-03,
       3.81073356e-03, 5.16036805e-03, 3.01683065e-03, 2.54048896e-03,
       4.76341695e-03, 1.12734195e-02, 3.41378199e-03, 6.19244203e-03,
       4.52524610e-03, 3.65195284e-03, 1.02413464e-02, 5.16036805e-03,
       5.71610034e-03, 4.04890440e-03, 5.63670974e-03, 4.04890440e-03,
       5.23975864e-03, 4.28707525e-03, 7.30390567e-03, 3.49317235e-03,
       2.54048896e-03, 3.81073356e-03, 2.61987932e-03, 7.30390567e-03,
       3.17561114e-03, 6.43061288e-03, 2.06414727e-03, 4.28707525e-03,
       5.08097792e-03, 7.06573483e-03, 1.74658617e-03, 3.65195284e-03,
       3.41378199e-03, 3.41378199e-03, 6.27183216e-03, 4.36646538e-03,
       4.84280707e-03, 2.30231811e-03, 2.30231811e-03, 3.89012368e-03,
       5.00158779e-03, 6.19244203e-03, 3.57256271e-03, 1.74658617e-03,
       3.57256271e-03, 5.00158779e-03, 7.46268639e-03, 4.28707525e-03,
       3.41378199e-03, 3.96951381e-03, 5.00158779e-03, 2.06414727e-03,
       3.89012368e-03, 5.39853889e-03, 2.38170847e-03, 4.12829453e-03,
       2.77865981e-03, 2.22292775e-03, 2.38170847e-03, 2.93744029e-03,
       5.79549046e-03, 4.04890440e-03, 3.09622101e-03, 2.69926945e-03,
       3.73134320e-03, 2.85805017e-03, 4.20768466e-03, 2.89774518e-02,
       3.09622101e-03, 5.79549046e-03, 5.16036805e-03, 6.35122228e-03,
       4.20768466e-03, 9.76500474e-03, 4.68402635e-03, 2.61987932e-03,
       2.61987932e-03, 1.17497612e-02, 1.58780557e-03, 3.09622101e-03,
       3.65195284e-03, 3.89012368e-03, 4.20768466e-03, 5.71610034e-03,
       4.28707525e-03, 2.46109860e-03, 2.77865981e-03, 3.89012368e-03,
       5.55731962e-03, 1.19085424e-03, 7.22451555e-03, 3.49317235e-03,
       1.73070803e-02, 5.55731962e-03, 8.89171101e-03, 2.69926945e-03,
       3.25500150e-03, 3.25500150e-03, 3.65195284e-03, 1.74658617e-03,
       1.82597642e-03, 2.30231811e-03, 5.71610034e-03, 1.66719593e-03,
       1.90536678e-03, 4.28707525e-03, 3.41378199e-03, 2.93744029e-03,
       2.38170847e-03, 2.22292775e-03, 2.61987932e-03, 4.92219720e-03,
       1.66719593e-03, 2.14353763e-03, 2.77865981e-03, 6.27183216e-03,
       2.85805017e-03, 7.46268639e-03, 3.65195284e-03, 1.30200060e-02,
       6.58939313e-03, 3.73134320e-03, 2.31025722e-02, 7.62146711e-03,
       9.76500474e-03, 3.33439186e-03, 8.89171101e-03, 2.23086681e-02,
       3.73134320e-03, 4.60463623e-03, 5.00158779e-03, 3.09622101e-03,
       2.77865981e-03, 3.57256271e-03, 3.33439186e-03, 4.84280707e-03,
       3.09622101e-03, 6.74817385e-03, 6.90695457e-03, 5.79549046e-03,
       1.27024448e-03, 1.82597642e-03, 4.92219720e-03, 5.47792949e-03,
       2.54048896e-03, 5.79549046e-03, 5.55731962e-03, 5.71610034e-03,
       2.93744029e-03, 3.01683065e-03, 1.58780557e-03, 4.92219720e-03,
       3.25500150e-03, 3.96951381e-03, 3.41378199e-03, 3.41378199e-03,
       4.12829453e-03, 3.01683065e-03, 3.81073356e-03, 2.93744029e-03,
       3.73134320e-03, 2.93744029e-03, 4.76341695e-03, 2.77865981e-03,
       7.85963796e-03 ]
