%YAML:1.0
mandawa-19mar28_1: !!opencv-matrix
   rows: 1
   cols: 200
   dt: f
   data: [ 2.07059761e-03, 1.03529878e-02, 8.38099048e-03,
       3.45099601e-03, 1.47899822e-03, 2.95799645e-03, 3.84539552e-03,
       4.92999423e-03, 1.96213778e-02, 3.15519632e-03, 4.23979526e-03,
       1.47899822e-03, 1.67619810e-03, 3.45099601e-03, 3.54959583e-03,
       1.67619810e-03, 6.70479238e-03, 4.73279459e-03, 2.46499712e-03,
       1.08459871e-03, 3.45099601e-03, 3.35239619e-03, 4.43699490e-03,
       3.05659650e-03, 2.46499712e-03, 1.57759816e-03, 3.74679570e-03,
       1.97199779e-03, 2.16919743e-03, 2.76079681e-03, 4.04259516e-03,
       7.98659027e-03, 3.94399557e-03, 4.92999423e-03, 5.52159362e-03,
       3.94399557e-03, 3.45099601e-03, 5.22579392e-03, 2.85939663e-03,
       3.64819565e-03, 3.84539552e-03, 1.28179847e-03, 1.47899822e-03,
       3.05659650e-03, 1.77479791e-03, 5.02859429e-03, 3.94399557e-03,
       5.12719387e-03, 2.66219699e-03, 2.36639730e-03, 6.11319300e-03,
       5.22579392e-03, 1.59731805e-02, 9.26838908e-03, 5.42299356e-03,
       6.11319300e-03, 2.95799645e-03, 5.42299356e-03, 3.84539552e-03,
       4.63419454e-03, 4.14119521e-03, 3.45099601e-03, 2.40583718e-02,
       5.12719415e-02, 2.11003758e-02, 5.02859429e-03, 2.56359694e-03,
       8.57818965e-03, 1.57759816e-03, 3.84539552e-03, 4.33839485e-03,
       4.73279459e-03, 3.15519632e-03, 6.21179258e-03, 2.26779724e-03,
       9.85998893e-04, 4.73279459e-03, 1.25221852e-02, 2.26779724e-03,
       2.56359694e-03, 3.94399540e-04, 2.56359694e-03, 2.85939663e-03,
       6.21179258e-03, 1.77479791e-03, 3.45099601e-03, 4.23979526e-03,
       7.49359140e-03, 1.28179847e-03, 1.51843820e-02, 6.21179258e-03,
       4.14119521e-03, 4.23979526e-03, 2.16919743e-03, 2.16919743e-03,
       2.85939663e-03, 4.53559449e-03, 1.15361866e-02, 1.28179847e-03,
       2.36639730e-03, 7.59219099e-03, 3.35239619e-03, 3.84539552e-03,
       1.38039840e-03, 7.29639130e-03, 1.97199779e-03, 4.31867503e-02,
       3.54959583e-03, 1.97199779e-03, 1.77479791e-03, 2.16919743e-03,
       7.29639130e-03, 2.95799645e-03, 3.35239619e-03, 1.46913826e-02,
       1.38039840e-03, 4.92999423e-03, 2.46499712e-03, 3.15519632e-03,
       2.66219699e-03, 1.87339785e-03, 2.66219694e-02, 3.54959583e-03,
       5.32439398e-03, 1.04515878e-02, 2.66219699e-03, 2.46499712e-03,
       9.07118898e-03, 2.66219699e-03, 2.95799645e-03, 3.25379614e-03,
       3.54959583e-03, 6.21179258e-03, 3.15519632e-03, 2.56359694e-03,
       2.16919743e-03, 3.54959583e-03, 2.85939663e-03, 3.84539552e-03,
       8.38099048e-03, 3.54959583e-03, 2.36639730e-03, 4.92999423e-03,
       1.28179854e-02, 2.85939663e-03, 3.94399557e-03, 1.28179847e-03,
       2.36639730e-03, 5.42299356e-03, 3.45099601e-03, 2.49457713e-02,
       3.74679570e-03, 2.95799645e-03, 3.64819565e-03, 1.47899822e-03,
       3.45099601e-03, 3.45099601e-03, 1.87339785e-03, 3.84539552e-03,
       5.42299356e-03, 5.22579392e-03, 5.62019367e-03, 1.57759816e-03,
       2.56359694e-03, 3.25379614e-03, 1.21277859e-02, 1.08459871e-03,
       4.63419454e-03, 4.04259516e-03, 2.46499712e-03, 4.33839485e-03,
       7.29639130e-03, 1.14375865e-02, 1.01557877e-02, 4.73279459e-03,
       4.33839485e-03, 3.15519632e-03, 2.76079681e-03, 1.87339785e-03,
       1.47899822e-03, 2.76079681e-03, 4.04259516e-03, 3.84539552e-03,
       2.66219699e-03, 3.15519632e-03, 2.16919743e-03, 1.77479791e-03,
       2.26779724e-03, 4.43699490e-03, 2.16919743e-03, 2.56359694e-03,
       2.76079681e-03, 2.56359694e-03, 7.19779171e-03, 3.94399557e-03,
       2.16919743e-03, 2.76079681e-03, 3.54959583e-03, 2.85939663e-03,
       2.46499712e-03 ]
