%YAML:1.0
mandawa-19mar31_1: !!opencv-matrix
   rows: 1
   cols: 200
   dt: f
   data: [ 7.35294120e-03, 3.23879556e-03, 1.48809524e-02,
       1.40056026e-03, 3.41386558e-03, 2.18837545e-03, 3.06372554e-03,
       4.98949597e-03, 3.58893559e-03, 3.32633057e-03, 6.74019614e-03,
       1.06792720e-02, 3.51015404e-02, 5.42717101e-03, 2.27591046e-03,
       5.25210099e-03, 1.75070029e-03, 1.68942586e-02, 2.53851549e-03,
       3.58893559e-03, 2.37219892e-02, 4.28921590e-03, 2.97619053e-03,
       3.06372554e-03, 5.25210099e-03, 6.74019614e-03, 5.16456598e-03,
       2.45098048e-03, 1.22549024e-03, 6.82773115e-03, 5.25210099e-03,
       2.97619053e-03, 5.77731105e-03, 2.36344547e-03, 4.90196096e-03,
       1.66316528e-03, 3.23879556e-03, 2.18837545e-03, 3.50140058e-03,
       3.50140058e-03, 7.96568673e-03, 3.93907586e-03, 4.02661087e-03,
       4.11414588e-03, 2.36344547e-03, 9.97899193e-03, 3.41386558e-03,
       4.11414588e-03, 2.97619053e-03, 6.21498609e-03, 5.25210099e-03,
       2.45098048e-03, 1.92577031e-03, 5.51470602e-03, 1.31302525e-03,
       2.36344547e-03, 4.02661087e-03, 3.23879556e-03, 5.86484605e-03,
       3.76400561e-03, 2.36344547e-03, 2.62605050e-03, 2.01330543e-03,
       9.71638691e-03, 6.30252110e-03, 2.45098048e-03, 2.01330543e-03,
       2.01330543e-03, 2.88865552e-03, 3.15126055e-03, 3.93907586e-03,
       5.86484605e-03, 2.18837545e-03, 1.66316528e-03, 1.57563027e-03,
       3.67647060e-03, 5.77731105e-03, 5.51470602e-03, 1.92577031e-03,
       2.97619053e-03, 6.74019614e-03, 5.86484605e-03, 1.48809527e-03,
       2.45098048e-03, 1.38305323e-02, 3.23879556e-03, 2.71358551e-03,
       2.97619053e-03, 3.50140058e-03, 6.12745120e-04, 1.05042022e-03,
       4.37675091e-03, 1.66316528e-03, 7.79061625e-03, 4.81442595e-03,
       1.13795521e-02, 6.74019614e-03, 2.62605050e-03, 2.88865552e-03,
       3.50140058e-03, 4.72689094e-03, 4.28921590e-03, 3.08123250e-02,
       3.23879556e-03, 5.68977604e-03, 2.45098048e-03, 8.05322174e-03,
       1.92577031e-03, 9.89145692e-03, 4.98949597e-03, 2.18837545e-03,
       3.15126055e-03, 6.03991607e-03, 3.67647060e-03, 1.22549024e-03,
       3.32633057e-03, 2.27591046e-03, 2.80112051e-03, 2.97619053e-03,
       7.61554623e-03, 7.00280129e-04, 5.60224103e-03, 2.27591046e-03,
       3.23879556e-03, 3.50140064e-04, 4.37675091e-03, 2.36344547e-03,
       2.81862747e-02, 2.71358551e-03, 1.15546221e-02, 2.97619053e-03,
       1.57563027e-03, 2.18837545e-03, 3.15126055e-03, 1.57563027e-03,
       2.53851549e-03, 4.37675091e-03, 4.81442595e-03, 3.41386558e-03,
       2.53851549e-03, 3.23879556e-03, 1.31302525e-03, 6.39005611e-03,
       5.42717101e-03, 3.85154062e-03, 2.71358551e-03, 2.10084044e-03,
       3.41386558e-03, 3.76400561e-03, 2.71358551e-03, 4.46428591e-03,
       3.67647060e-03, 7.70308124e-03, 9.62885155e-04, 1.34803923e-02,
       8.84103682e-03, 2.62605050e-03, 5.12079857e-02, 9.62885190e-03,
       3.15126055e-03, 3.23879556e-03, 5.60224103e-03, 1.24299722e-02,
       2.27591046e-03, 2.10084044e-03, 2.45098048e-03, 4.37675091e-03,
       9.36624687e-03, 4.90196096e-03, 2.45098048e-03, 1.22549024e-03,
       5.16456598e-03, 3.50140058e-03, 4.20168089e-03, 4.20168089e-03,
       1.31302525e-03, 3.32633057e-03, 1.66316528e-03, 5.60224103e-03,
       5.95238106e-03, 1.04166670e-02, 8.14075675e-03, 5.60224103e-03,
       3.85154062e-03, 3.67647060e-03, 5.95238106e-03, 2.27591046e-03,
       6.12745108e-03, 4.11414588e-03, 6.39005611e-03, 5.42717101e-03,
       3.67647060e-03, 3.06372554e-03, 4.90196096e-03, 5.60224103e-03,
       2.62605050e-03, 1.48809527e-03, 3.93907586e-03, 1.66316528e-03,
       2.71358551e-03 ]
