%YAML:1.0
mandawa-19mar64_2: !!opencv-matrix
   rows: 1
   cols: 200
   dt: f
   data: [ 2.17121583e-03, 9.20182001e-03, 5.47973532e-03,
       2.99834576e-03, 4.54921415e-03, 4.54921415e-03, 8.58147256e-03,
       1.65425974e-03, 5.58312656e-03, 5.06617036e-03, 2.68817204e-03,
       1.13730356e-02, 8.16790760e-03, 4.75599663e-03, 5.06617036e-03,
       3.41191073e-03, 4.75599663e-03, 7.75434263e-03, 4.75599663e-03,
       4.44582291e-03, 2.20223330e-02, 2.79156328e-03, 3.61869321e-03,
       3.20512825e-03, 4.96277912e-03, 5.37634408e-03, 3.10173701e-03,
       4.03225794e-03, 3.92886670e-03, 2.06782459e-03, 2.21257247e-02,
       4.13564919e-03, 4.13564919e-03, 3.61869321e-03, 3.20512825e-03,
       3.61869321e-03, 2.68817204e-03, 3.20512825e-03, 3.72208445e-03,
       1.45781636e-02, 2.79156328e-03, 3.72208445e-03, 4.03225794e-03,
       5.78990905e-03, 3.61869321e-03, 5.47973532e-03, 3.61869321e-03,
       3.41191073e-03, 4.13564919e-03, 3.92886670e-03, 2.79156328e-03,
       3.72208445e-03, 4.54921415e-03, 4.85938787e-03, 3.30851949e-03,
       7.65095139e-03, 1.99545082e-02, 3.92886670e-03, 4.13564919e-03,
       5.27295284e-03, 3.10173701e-03, 2.99834576e-03, 4.96277912e-03,
       4.65260539e-03, 5.47973532e-03, 2.99834576e-03, 2.99834576e-03,
       5.99669153e-03, 3.72208445e-03, 7.85773341e-03, 2.99834576e-03,
       3.10173701e-03, 4.85938787e-03, 4.85938787e-03, 2.99834576e-03,
       5.89330029e-03, 3.82547569e-03, 5.47973532e-03, 2.37799832e-03,
       8.16790760e-03, 4.44582291e-03, 5.58312656e-03, 4.23904043e-03,
       4.03225794e-03, 4.44582291e-03, 4.34243167e-03, 2.89495452e-03,
       1.08560799e-02, 2.79156328e-03, 2.17121583e-03, 4.03225794e-03,
       4.34243167e-03, 3.61869321e-03, 3.92886670e-03, 6.41025649e-03,
       4.34243167e-03, 2.79156328e-03, 3.30851949e-03, 4.13564919e-03,
       4.85938787e-03, 5.37634408e-03, 3.82547569e-03, 5.47973532e-03,
       3.61869321e-03, 3.20512825e-03, 2.37799832e-03, 2.68817204e-03,
       2.06782459e-03, 1.97477266e-02, 3.82547569e-03, 3.61869321e-03,
       3.10173701e-03, 3.10173701e-03, 4.03225794e-03, 2.99834576e-03,
       1.94375515e-02, 6.30686525e-03, 5.16956160e-03, 2.99834576e-03,
       1.12696448e-02, 1.96443335e-03, 4.13564919e-03, 4.03225794e-03,
       3.61869321e-03, 2.89495452e-03, 6.20347401e-03, 7.44416891e-03,
       1.22001655e-02, 2.37799832e-03, 1.48883378e-02, 4.85938787e-03,
       5.27295284e-03, 4.34243167e-03, 5.27295284e-03, 2.89495452e-03,
       4.44582291e-03, 3.92886670e-03, 3.30851949e-03, 3.72208445e-03,
       5.37634408e-03, 5.37634408e-03, 3.51530197e-03, 4.75599663e-03,
       3.92886670e-03, 3.61869321e-03, 4.96277912e-03, 3.82547569e-03,
       3.10173701e-03, 3.41191073e-03, 2.89495452e-03, 3.10173701e-03,
       4.44582291e-03, 7.23738642e-03, 4.44582291e-03, 5.27295284e-03,
       4.75599663e-03, 3.92886670e-03, 1.43713811e-02, 3.20512825e-03,
       3.61869321e-03, 4.96277912e-03, 3.51530197e-03, 4.54921415e-03,
       8.06451589e-03, 2.89495452e-03, 3.82547569e-03, 6.30686525e-03,
       3.41191073e-03, 6.10008277e-03, 3.30851949e-03, 2.68817204e-03,
       4.75599663e-03, 3.72208445e-03, 3.72208445e-03, 4.44582291e-03,
       3.41191073e-03, 1.36476429e-02, 4.96277912e-03, 1.24069478e-03,
       5.68651780e-03, 5.89330029e-03, 6.30686525e-03, 4.75599663e-03,
       4.96277912e-03, 4.75599663e-03, 3.41191073e-03, 6.61703898e-03,
       2.17121583e-03, 6.20347401e-03, 2.79156328e-03, 4.75599663e-03,
       3.41191073e-03, 4.34243167e-03, 4.85938787e-03, 2.58478080e-03,
       4.44582291e-03, 4.75599663e-03, 3.20512825e-03, 5.27295284e-03,
       3.30851949e-03 ]
