%YAML:1.0
mandawa055: !!opencv-matrix
   rows: 1
   cols: 200
   dt: f
   data: [ 4.15525120e-03, 1.64383568e-03, 2.42009130e-03,
       1.14155253e-02, 3.05936090e-03, 3.78995435e-03, 3.33333341e-03,
       4.47488576e-03, 6.07305951e-03, 3.56164388e-03, 3.78995435e-03,
       4.88584489e-03, 7.39726052e-03, 3.42465774e-03, 4.56621032e-03,
       6.84931548e-03, 3.05936090e-03, 5.61643858e-03, 3.88127868e-03,
       8.12785421e-03, 5.02283126e-03, 3.15068499e-03, 3.24200932e-03,
       2.42009130e-03, 3.74429231e-03, 2.73972610e-03, 3.33333341e-03,
       2.96803657e-03, 2.21461188e-02, 3.28767137e-03, 4.29223757e-03,
       5.47945220e-03, 2.51141563e-03, 4.15525120e-03, 2.60273973e-03,
       2.69406405e-03, 1.04109589e-02, 1.05022837e-03, 1.41552521e-03,
       6.34703226e-03, 3.47031979e-03, 2.96803657e-03, 3.88127868e-03,
       6.62100455e-03, 5.34246583e-03, 3.05936090e-03, 6.94063958e-03,
       4.42922395e-03, 5.98173542e-03, 2.69406405e-03, 6.71232911e-03,
       1.18721463e-03, 1.95433795e-02, 6.80365320e-03, 2.28310516e-03,
       7.85388146e-03, 6.84931548e-03, 3.51598184e-03, 8.58447514e-03,
       3.92694073e-03, 1.06392698e-02, 3.28767137e-03, 1.27853884e-03,
       6.94063958e-03, 1.37442928e-02, 1.78082194e-03, 2.69406405e-03,
       1.63926948e-02, 2.32876721e-03, 7.26027414e-03, 2.73972610e-03,
       4.42922395e-03, 3.92694073e-03, 2.87671247e-03, 7.71689508e-03,
       5.20547945e-03, 2.69406405e-03, 3.42465774e-03, 2.78538815e-03,
       5.20547945e-03, 8.90410971e-03, 6.98630139e-03, 3.33333341e-03,
       1.09589042e-03, 5.06849354e-03, 4.42922395e-03, 3.65296821e-03,
       1.78082194e-03, 5.15981764e-03, 1.25570782e-02, 2.32876721e-03,
       3.24200932e-03, 4.10958938e-03, 4.06392710e-03, 5.43378992e-03,
       3.97260301e-03, 2.55707768e-03, 2.73972610e-03, 1.87214615e-03,
       8.40182696e-03, 6.62100455e-03, 4.20091348e-03, 1.08675798e-02,
       1.96347036e-03, 7.89954327e-03, 4.74885851e-03, 5.61643858e-03,
       1.55251147e-03, 2.28310516e-03, 4.01826482e-03, 4.01826482e-03,
       2.51141563e-03, 2.60273973e-03, 1.14611872e-02, 8.81278608e-03,
       4.38356167e-03, 7.26027414e-03, 3.19634704e-03, 4.74885851e-03,
       2.10958906e-02, 7.62557099e-03, 4.01826482e-03, 3.56164388e-03,
       7.35159824e-03, 2.55707768e-03, 2.96803657e-03, 3.01369862e-03,
       2.10045674e-03, 3.69863026e-03, 2.96803657e-03, 4.79452079e-03,
       4.29223757e-03, 1.33789955e-02, 2.87671247e-03, 2.10045674e-03,
       6.80365320e-03, 2.00913241e-03, 2.00913241e-03, 3.88127868e-03,
       1.40182655e-02, 4.74885851e-03, 7.30593642e-03, 3.88127868e-03,
       2.51141563e-03, 3.74429231e-03, 4.97716898e-03, 1.73515989e-03,
       1.50684931e-03, 9.08675790e-03, 3.15068499e-03, 1.01369871e-02,
       1.11415526e-02, 4.56621032e-03, 5.43378992e-03, 4.42922395e-03,
       1.91780832e-03, 4.38356167e-03, 5.15981764e-03, 2.00913241e-03,
       2.37442926e-03, 1.68949773e-03, 1.32420100e-03, 6.98630139e-03,
       3.28767137e-03, 5.38812811e-03, 1.41095892e-02, 2.96803657e-03,
       6.43835636e-03, 3.56164388e-03, 2.19178083e-03, 2.73972610e-03,
       3.83561663e-03, 2.00913241e-03, 3.42465774e-03, 3.05936090e-03,
       7.21461233e-03, 6.66666683e-03, 2.55707768e-03, 6.71232911e-03,
       3.28767137e-03, 7.89954327e-03, 3.05936090e-03, 5.66210086e-03,
       8.49315058e-03, 4.79452079e-03, 1.14155258e-03, 4.97716898e-03,
       2.87671247e-03, 8.31050240e-03, 3.92694073e-03, 4.88584489e-03,
       6.84931548e-03, 2.60273973e-03, 3.24200932e-03, 3.05936090e-03,
       5.29680401e-03, 4.97716898e-03, 2.60273973e-03, 7.39726052e-03,
       8.17351602e-03 ]
