%YAML:1.0
mandawa-19mar34_21: !!opencv-matrix
   rows: 1
   cols: 200
   dt: f
   data: [ 1.38779660e-03, 4.39468911e-03, 1.15649719e-02,
       4.02461039e-03, 1.29527680e-03, 2.82185315e-03, 2.72933324e-03,
       1.24901696e-03, 1.52657628e-02, 3.70079093e-03, 3.09941242e-03,
       9.71457630e-04, 4.53346875e-03, 3.51575133e-03, 3.79331084e-03,
       2.77559320e-03, 3.56201129e-03, 8.69685877e-03, 2.12795474e-03,
       2.03543506e-03, 3.23819206e-03, 1.15649716e-03, 5.59744658e-03,
       2.72933324e-03, 2.49803392e-03, 4.39468911e-03, 2.49803392e-03,
       9.25197732e-04, 1.75787567e-03, 3.56201129e-03, 4.53346875e-03,
       2.03543506e-03, 1.75787567e-03, 2.91437283e-03, 7.63288140e-03,
       6.66142395e-03, 3.88583052e-03, 3.05315247e-03, 4.53346875e-03,
       2.59055360e-03, 4.39468911e-03, 1.80413562e-03, 2.91437283e-03,
       2.68307352e-03, 3.42323165e-03, 3.33071197e-03, 6.15256513e-03,
       3.05315247e-03, 3.93209048e-03, 1.71161583e-03, 3.19193234e-03,
       5.13484748e-03, 1.28602488e-02, 3.60827125e-03, 6.10630494e-03,
       7.17028230e-03, 3.09941242e-03, 4.53346875e-03, 2.12795474e-03,
       2.35925429e-03, 1.57283619e-03, 2.54429388e-03, 9.52953659e-03,
       5.03307581e-02, 2.72933338e-02, 9.34449770e-03, 3.74705088e-03,
       2.40551424e-03, 1.29527680e-03, 2.68307352e-03, 4.20964975e-03,
       8.09548050e-03, 4.67224885e-03, 5.68996603e-03, 3.05315247e-03,
       1.11023732e-03, 2.59055360e-03, 7.77166104e-03, 1.75787567e-03,
       1.57283619e-03, 2.17421469e-03, 7.03150267e-03, 7.72540132e-03,
       5.50492667e-03, 1.38779660e-03, 3.14567238e-03, 3.28445202e-03,
       1.09173330e-02, 2.63681356e-03, 7.40158185e-03, 7.17028230e-03,
       2.82185315e-03, 2.96063279e-03, 3.28445202e-03, 2.59055360e-03,
       4.16339003e-03, 7.77166104e-03, 4.81102848e-03, 4.11712984e-03,
       3.19193234e-03, 3.05315247e-03, 4.34842939e-03, 3.88583052e-03,
       3.93209048e-03, 8.55807960e-03, 1.85039546e-03, 3.14104632e-02,
       4.16339003e-03, 4.20964975e-03, 2.45177397e-03, 3.65453120e-03,
       1.14261918e-02, 4.20964975e-03, 3.60827125e-03, 9.25197732e-03,
       2.72933324e-03, 7.72540132e-03, 3.97835020e-03, 3.37697170e-03,
       2.45177397e-03, 2.22047465e-03, 3.46023962e-02, 4.30216966e-03,
       6.29134476e-03, 1.87815148e-02, 7.35532213e-03, 3.42323165e-03,
       9.62205697e-03, 2.12795474e-03, 1.16112316e-02, 3.70079093e-03,
       4.20964975e-03, 4.53346875e-03, 1.20275712e-03, 3.56201129e-03,
       3.70079093e-03, 4.71850857e-03, 1.48031639e-03, 3.42323165e-03,
       2.91437283e-03, 1.29527680e-03, 2.31299433e-03, 1.94291526e-03,
       7.40158185e-03, 4.48720902e-03, 3.14567238e-03, 2.72933324e-03,
       3.65453120e-03, 3.83957056e-03, 3.09941242e-03, 3.25207002e-02,
       3.19193234e-03, 3.19193234e-03, 6.29134476e-03, 1.11023732e-03,
       3.09941242e-03, 3.74705088e-03, 1.20275712e-03, 4.16339003e-03,
       1.50807230e-02, 5.50492667e-03, 4.07087011e-03, 2.26673437e-03,
       9.25197732e-04, 3.56201129e-03, 6.70768367e-03, 1.98917510e-03,
       3.28445202e-03, 3.93209048e-03, 4.07087011e-03, 3.00689274e-03,
       9.25197732e-03, 2.31299433e-03, 2.16033682e-02, 2.86811311e-03,
       6.93898299e-04, 2.31299433e-03, 2.35925429e-03, 2.35925429e-03,
       1.98917510e-03, 4.53346875e-03, 3.00689274e-03, 4.67224885e-03,
       2.03543506e-03, 5.78248594e-03, 2.08169501e-03, 4.76476829e-03,
       1.11023732e-03, 3.37697170e-03, 3.37697170e-03, 3.46949161e-03,
       3.46949161e-03, 4.39468911e-03, 7.12402258e-03, 4.48720902e-03,
       2.54429388e-03, 4.76476829e-03, 7.40158197e-04, 3.93209048e-03,
       3.23819206e-03 ]
