%YAML:1.0
mandawa-19mar28_3: !!opencv-matrix
   rows: 1
   cols: 200
   dt: f
   data: [ 2.49870750e-03, 4.13579168e-03, 6.63449895e-03,
       3.96346720e-03, 3.61881778e-03, 5.68671338e-03, 3.79114226e-03,
       4.56660334e-03, 3.36033083e-03, 5.77287609e-03, 8.44390783e-03,
       6.37601223e-03, 2.88643800e-02, 4.65276558e-03, 4.04962944e-03,
       4.04962944e-03, 4.22195392e-03, 6.63449895e-03, 4.30811616e-03,
       2.41254503e-03, 8.18542112e-03, 2.24022055e-03, 3.61881778e-03,
       1.46475958e-03, 3.87730473e-03, 5.25590172e-03, 2.49870750e-03,
       4.99741500e-03, 2.41254503e-03, 1.45614333e-02, 1.18904011e-02,
       2.75719445e-03, 6.46217447e-03, 2.75719445e-03, 3.87730473e-03,
       3.53265530e-03, 2.32638279e-03, 1.89557113e-03, 3.44649306e-03,
       9.65018012e-03, 7.84077216e-03, 3.10184387e-03, 4.30811616e-03,
       4.56660334e-03, 2.75719445e-03, 1.11149400e-02, 2.49870750e-03,
       3.79114226e-03, 3.70498002e-03, 5.16973948e-03, 3.53265530e-03,
       2.67103221e-03, 6.46217447e-03, 4.82509006e-03, 2.24022055e-03,
       3.87730473e-03, 7.15147331e-03, 2.92951916e-03, 4.99741500e-03,
       4.82509006e-03, 9.30553116e-03, 1.20627251e-03, 2.84335669e-03,
       1.45614333e-02, 6.28984999e-03, 2.15405808e-03, 2.15405808e-03,
       4.39427886e-03, 3.70498002e-03, 6.80682389e-03, 3.44649306e-03,
       3.79114226e-03, 3.18800611e-03, 1.80940889e-03, 2.06789584e-03,
       4.22195392e-03, 3.87730473e-03, 3.01568140e-03, 4.22195392e-03,
       2.75719445e-03, 3.27416835e-03, 5.42822666e-03, 2.24022055e-03,
       2.24022055e-03, 6.54833671e-03, 6.63449895e-03, 2.75719445e-03,
       5.77287609e-03, 4.73892782e-03, 1.37859723e-03, 2.75719445e-03,
       3.44649306e-03, 1.46475958e-03, 3.01568140e-03, 2.84335669e-03,
       6.46217447e-03, 7.23763555e-03, 2.24022055e-03, 2.67103221e-03,
       6.72066165e-03, 5.25590172e-03, 2.75719445e-03, 2.92090289e-02,
       3.70498002e-03, 5.34206443e-03, 3.70498002e-03, 7.58228451e-03,
       1.80940889e-03, 8.09925888e-03, 6.54833671e-03, 1.98173360e-03,
       4.48044110e-03, 8.78855772e-03, 2.75719445e-03, 2.15405808e-03,
       4.82509006e-03, 3.44649306e-03, 3.70498002e-03, 5.51438890e-03,
       3.70498002e-03, 7.75460969e-04, 1.89557113e-03, 7.58228451e-03,
       7.49612227e-03, 7.75460969e-04, 6.97914837e-03, 2.58486974e-03,
       2.19713934e-02, 5.60055114e-03, 8.78855772e-03, 2.24022055e-03,
       3.27416835e-03, 3.70498002e-03, 2.75719445e-03, 2.24022055e-03,
       4.65276558e-03, 3.18800611e-03, 5.25590172e-03, 3.10184387e-03,
       3.44649306e-03, 3.96346720e-03, 3.44649306e-03, 4.73892782e-03,
       3.01568140e-03, 3.44649306e-03, 2.32638279e-03, 3.18800611e-03,
       2.75719445e-03, 2.84335669e-03, 3.79114226e-03, 5.34206443e-03,
       8.27158336e-03, 5.77287609e-03, 3.36033083e-03, 7.66844722e-03,
       5.60055114e-03, 3.36033083e-03, 2.30915044e-02, 1.66293290e-02,
       6.63449895e-03, 6.37601223e-03, 1.14595890e-02, 2.46424247e-02,
       4.04962944e-03, 4.22195392e-03, 7.23763555e-03, 3.27416835e-03,
       2.75719445e-03, 6.11752504e-03, 2.84335669e-03, 1.89557113e-03,
       2.24022055e-03, 6.54833671e-03, 4.48044110e-03, 3.44649306e-03,
       8.61623266e-04, 5.34206443e-03, 4.39427886e-03, 3.36033083e-03,
       3.27416835e-03, 6.72066165e-03, 3.44649306e-03, 3.44649306e-03,
       4.13579168e-03, 5.25590172e-03, 2.58486974e-03, 3.10184387e-03,
       7.75460945e-03, 5.94520057e-03, 3.01568140e-03, 2.49870750e-03,
       5.60055114e-03, 1.89557113e-03, 3.61881778e-03, 1.55092194e-03,
       3.18800611e-03, 3.01568140e-03, 7.15147331e-03, 2.15405808e-03,
       8.35774560e-03 ]
