%YAML:1.0
mandawa-19mar49: !!opencv-matrix
   rows: 1
   cols: 200
   dt: f
   data: [ 2.82781734e-03, 5.72545733e-03, 5.41125517e-03,
       3.66568915e-03, 2.75799469e-03, 3.59586650e-03, 4.74794023e-03,
       4.67811758e-03, 4.57338337e-03, 4.04971372e-03, 4.39882698e-03,
       3.97989107e-03, 3.17693059e-03, 3.80533445e-03, 2.44379276e-03,
       2.26923614e-03, 7.43611250e-03, 9.98463854e-03, 3.66568915e-03,
       3.52604385e-03, 3.70060047e-03, 4.25918167e-03, 3.91006842e-03,
       3.31657589e-03, 2.82781734e-03, 2.72308337e-03, 1.85030024e-03,
       3.17693059e-03, 2.40888144e-03, 5.83019108e-03, 3.31657589e-03,
       5.79527998e-03, 4.29409277e-03, 2.47870409e-03, 3.28166457e-03,
       4.85267397e-03, 7.26155564e-03, 3.94497998e-03, 3.73551180e-03,
       4.64320648e-03, 3.63077782e-03, 5.37634408e-03, 2.86272867e-03,
       4.39882698e-03, 3.94497998e-03, 4.81776288e-03, 5.93492528e-03,
       9.25150141e-03, 3.21184192e-03, 3.66568915e-03, 2.82781734e-03,
       3.03728529e-03, 9.63552576e-03, 7.82013685e-03, 5.62072359e-03,
       5.44616673e-03, 4.32900432e-03, 4.81776288e-03, 2.51361541e-03,
       6.10948168e-03, 2.61834939e-03, 6.00474793e-03, 3.35846953e-02,
       3.15249264e-02, 1.53260715e-02, 6.56332914e-03, 5.30652143e-03,
       1.50118698e-03, 4.08462528e-03, 3.42130987e-03, 5.69054577e-03,
       6.49350649e-03, 6.91244239e-03, 5.06214239e-03, 2.93255132e-03,
       4.11953637e-03, 3.49113252e-03, 6.94735348e-03, 3.73551180e-03,
       5.90001419e-03, 2.30414746e-03, 6.87753130e-03, 3.87515710e-03,
       4.92249709e-03, 4.81776288e-03, 3.94497998e-03, 2.79290602e-03,
       5.93492528e-03, 2.37397011e-03, 3.94497998e-03, 7.95978215e-03,
       3.28166457e-03, 5.34143299e-03, 3.94497998e-03, 4.50356118e-03,
       3.87515710e-03, 4.71302867e-03, 5.72545733e-03, 2.30414746e-03,
       4.36391588e-03, 2.26923614e-03, 3.87515710e-03, 2.68817204e-03,
       1.67574361e-03, 4.71302867e-03, 4.25918167e-03, 1.69669036e-02,
       3.03728529e-03, 7.12191034e-03, 2.79290602e-03, 3.56095517e-03,
       6.24912698e-03, 4.81776288e-03, 6.07457059e-03, 6.38877228e-03,
       2.68817204e-03, 1.02290185e-02, 3.66568915e-03, 4.50356118e-03,
       6.73788600e-03, 3.66568915e-03, 3.07219662e-02, 8.06451589e-03,
       3.91006842e-03, 7.78522529e-03, 4.39882698e-03, 5.02723083e-03,
       5.58581203e-03, 4.01480217e-03, 4.25918167e-03, 2.54852674e-03,
       4.78285179e-03, 3.80533445e-03, 4.08462528e-03, 2.96746264e-03,
       3.66568915e-03, 4.95740818e-03, 4.22427058e-03, 3.59586650e-03,
       6.80770818e-03, 2.96746264e-03, 3.28166457e-03, 4.18935902e-03,
       6.35386119e-03, 4.50356118e-03, 4.46864963e-03, 3.21184192e-03,
       2.89763999e-03, 1.95503421e-03, 3.24675324e-03, 9.04203299e-03,
       5.34143299e-03, 2.79290602e-03, 6.38877228e-03, 4.15444747e-03,
       2.65326072e-03, 4.85267397e-03, 4.50356118e-03, 2.89763999e-03,
       3.80533445e-03, 6.14439324e-03, 4.01480217e-03, 4.01480217e-03,
       5.86510263e-03, 3.77042312e-03, 2.79290602e-03, 2.72308337e-03,
       3.45622119e-03, 4.64320648e-03, 3.07219662e-03, 3.28166457e-03,
       2.61834939e-03, 1.32663036e-02, 5.13196457e-03, 1.08923335e-02,
       3.17693059e-03, 4.18935902e-03, 3.77042312e-03, 4.08462528e-03,
       1.98994554e-03, 5.27160987e-03, 4.46864963e-03, 3.42130987e-03,
       4.46864963e-03, 3.87515710e-03, 6.98226504e-03, 4.46864963e-03,
       2.96746264e-03, 3.42130987e-03, 3.63077782e-03, 3.73551180e-03,
       4.46864963e-03, 4.71302867e-03, 5.86510263e-03, 5.16687613e-03,
       4.85267397e-03, 4.88758553e-03, 3.59586650e-03, 4.43373807e-03,
       3.10710794e-03 ]
