%YAML:1.0
mandawa-19mar37: !!opencv-matrix
   rows: 1
   cols: 200
   dt: f
   data: [ 4.06293245e-03, 4.43032524e-03, 4.84094070e-03,
       5.96473040e-03, 5.27316751e-03, 4.66804998e-03, 2.23029051e-02,
       4.75449534e-03, 2.00985488e-03, 4.40871390e-03, 6.28890051e-03,
       4.06293245e-03, 3.56587139e-03, 4.14937781e-03, 2.50691567e-02,
       8.86065012e-04, 2.42047035e-03, 9.72510374e-04, 6.72112731e-03,
       2.59336107e-03, 5.94311906e-03, 2.59336107e-03, 3.34975799e-03,
       4.10615496e-04, 6.00795308e-03, 3.58748273e-03, 3.82520747e-03,
       1.25561897e-02, 7.45591288e-03, 1.68568466e-03, 4.06293245e-03,
       7.88814016e-03, 5.92150772e-03, 4.38710256e-03, 3.04719922e-03,
       5.51089225e-03, 6.22406648e-03, 9.20643192e-03, 5.79183968e-03,
       4.81932936e-03, 6.50501391e-03, 2.37724767e-03, 1.36151456e-03,
       2.72302912e-03, 5.55411493e-03, 4.32226853e-03, 5.16511081e-03,
       2.65819510e-03, 4.51677060e-03, 3.45781469e-03, 9.81154945e-03,
       4.27904585e-03, 2.52852705e-03, 4.60321596e-03, 8.55809171e-03,
       6.91562938e-03, 5.72700566e-03, 1.68568473e-02, 3.82520747e-03,
       1.10001732e-02, 2.89591984e-03, 1.01573309e-02, 4.81932936e-03,
       1.40473724e-03, 3.71715077e-03, 9.72510374e-04, 4.99222009e-03,
       3.82520747e-03, 5.51089225e-03, 3.43620335e-03, 4.40871390e-03,
       2.65819510e-03, 7.28302216e-03, 9.18482058e-03, 4.97060874e-03,
       2.85269716e-03, 1.05895579e-03, 4.34387987e-03, 4.19260049e-03,
       4.68966132e-03, 2.57174973e-03, 4.58160462e-03, 2.29080231e-03,
       6.35373453e-03, 3.67392809e-03, 6.37534587e-03, 1.16269020e-02,
       2.20435695e-03, 7.41269020e-03, 3.82520747e-03, 7.13174278e-03,
       4.84094070e-03, 5.10027679e-03, 2.48530437e-03, 2.15248968e-02,
       3.11203324e-03, 1.64246198e-03, 2.03146623e-03, 6.95885206e-03,
       8.81742779e-03, 2.65819510e-03, 7.00207474e-03, 6.00795308e-03,
       7.43430154e-03, 7.43430154e-03, 1.12378981e-03, 1.85857539e-03,
       4.97060874e-03, 3.13364458e-03, 1.23184652e-03, 1.63597856e-02,
       2.74464046e-03, 2.09630025e-03, 3.24170128e-03, 6.82918401e-03,
       2.87430850e-03, 6.00795308e-03, 3.73876211e-03, 3.50103737e-03,
       3.91165307e-03, 4.49515926e-03, 1.46957126e-03, 4.75449534e-03,
       5.20833349e-03, 4.75449534e-03, 7.99619686e-03, 3.76037345e-03,
       2.89591984e-03, 4.43032524e-03, 1.07408371e-02, 2.74464046e-03,
       2.74464046e-03, 2.74464046e-03, 2.31241365e-03, 1.81535271e-03,
       2.96075386e-03, 3.13364458e-03, 3.37136933e-03, 2.89591984e-03,
       3.30653531e-03, 6.69951609e-04, 2.09630025e-03, 2.32538041e-02,
       8.32036696e-03, 5.74861700e-03, 4.75449534e-03, 2.39885901e-03,
       6.44017989e-03, 3.17686726e-03, 4.88416338e-03, 2.65819510e-03,
       3.86843015e-03, 8.06103088e-03, 1.88018673e-03, 7.00207474e-03,
       7.84491748e-03, 2.65819510e-03, 5.87828504e-03, 1.44795992e-03,
       8.53648037e-03, 4.62482730e-03, 3.24170128e-03, 2.74464046e-03,
       5.70539432e-03, 3.58748273e-03, 8.21231026e-03, 1.29668051e-02,
       3.15525592e-03, 2.89591984e-03, 4.21421183e-03, 4.14937781e-03,
       4.53838194e-03, 4.32226853e-03, 2.31241365e-03, 3.80359613e-03,
       2.29080231e-03, 5.31639019e-03, 1.96663220e-03, 1.64246198e-03,
       4.77610668e-03, 2.91753118e-03, 3.95487575e-03, 6.95885206e-03,
       3.73876211e-03, 2.09630025e-03, 3.73876211e-03, 4.10615513e-03,
       1.24697443e-02, 5.22994483e-03, 4.19260049e-03, 3.43620335e-03,
       3.00397654e-03, 4.49515926e-03, 6.76434999e-03, 2.89591984e-03,
       4.08454379e-03, 4.10615513e-03, 2.03146623e-03, 5.89989638e-03,
       4.73288400e-03 ]
