%YAML:1.0
mandawa-19mar64_2: !!opencv-matrix
   rows: 1
   cols: 200
   dt: f
   data: [ 4.13564919e-03, 5.78990905e-03, 2.37799832e-03,
       6.30686525e-03, 3.61869321e-03, 5.89330029e-03, 7.75434263e-03,
       6.82382146e-03, 7.44416891e-03, 3.20512825e-03, 3.72208445e-03,
       5.47973532e-03, 4.34243167e-03, 3.20512825e-03, 5.68651780e-03,
       3.10173701e-03, 2.89495452e-03, 4.96277912e-03, 2.89495452e-03,
       2.58478080e-03, 7.54756015e-03, 4.44582291e-03, 4.65260539e-03,
       3.20512825e-03, 2.89495452e-03, 3.72208445e-03, 4.85938787e-03,
       4.54921415e-03, 3.20512825e-03, 4.34243167e-03, 4.96277912e-03,
       1.98511165e-02, 3.92886670e-03, 3.51530197e-03, 4.03225794e-03,
       5.27295284e-03, 4.03225794e-03, 2.48138956e-03, 2.27460708e-03,
       8.68486334e-03, 3.61869321e-03, 4.96277912e-03, 3.10173701e-03,
       3.82547569e-03, 5.58312656e-03, 6.72043022e-03, 7.34077767e-03,
       5.37634408e-03, 5.06617036e-03, 3.51530197e-03, 6.72043022e-03,
       2.06782459e-03, 5.68651780e-03, 1.58188585e-02, 4.23904043e-03,
       7.44416891e-03, 1.05459057e-02, 3.61869321e-03, 3.72208445e-03,
       3.30851949e-03, 1.07526882e-02, 4.13564919e-03, 4.34243167e-03,
       7.03060394e-03, 3.20512825e-03, 2.79156328e-03, 4.34243167e-03,
       1.54052936e-02, 4.54921415e-03, 4.23904043e-03, 5.16956160e-03,
       4.75599663e-03, 2.99834576e-03, 3.61869321e-03, 3.82547569e-03,
       2.99834576e-03, 3.61869321e-03, 4.85938787e-03, 2.99834576e-03,
       4.23904043e-03, 4.85938787e-03, 5.06617036e-03, 4.44582291e-03,
       3.72208445e-03, 3.20512825e-03, 7.85773341e-03, 3.72208445e-03,
       4.03225794e-03, 2.79156328e-03, 2.01612897e-02, 3.51530197e-03,
       2.99834576e-03, 3.72208445e-03, 4.85938787e-03, 5.27295284e-03,
       3.82547569e-03, 3.51530197e-03, 8.37469008e-03, 2.37799832e-03,
       5.06617036e-03, 5.37634408e-03, 3.72208445e-03, 4.96277912e-03,
       3.10173701e-03, 3.20512825e-03, 3.61869321e-03, 1.28205130e-02,
       3.51530197e-03, 3.30851949e-03, 4.23904043e-03, 3.30851949e-03,
       4.54921415e-03, 2.27460708e-03, 2.89495452e-03, 4.65260539e-03,
       3.41191073e-03, 5.68651780e-03, 2.99834576e-03, 7.44416891e-03,
       2.79156328e-03, 3.61869321e-03, 5.37634408e-03, 4.44582291e-03,
       1.07526882e-02, 2.99834576e-03, 3.72208445e-03, 4.54921415e-03,
       5.47973532e-03, 5.16956160e-03, 3.20512825e-03, 4.44582291e-03,
       5.78990905e-03, 1.93341617e-02, 3.51530197e-03, 3.92886670e-03,
       4.03225794e-03, 1.24069478e-03, 4.13564919e-03, 5.58312656e-03,
       4.13564919e-03, 3.82547569e-03, 5.06617036e-03, 4.44582291e-03,
       6.51364774e-03, 3.20512825e-03, 3.61869321e-03, 3.82547569e-03,
       3.10173701e-03, 3.41191073e-03, 7.54756015e-03, 2.04714648e-02,
       1.96443335e-03, 4.44582291e-03, 6.41025649e-03, 4.03225794e-03,
       4.85938787e-03, 5.58312656e-03, 3.51530197e-03, 4.65260539e-03,
       2.58478080e-03, 5.16956160e-03, 2.58478080e-03, 3.92886670e-03,
       3.51530197e-03, 4.65260539e-03, 1.56120760e-02, 3.20512825e-03,
       5.78990905e-03, 3.51530197e-03, 3.30851949e-03, 5.78990905e-03,
       1.16832098e-02, 3.72208445e-03, 4.23904043e-03, 1.96443335e-03,
       3.72208445e-03, 4.96277912e-03, 4.85938787e-03, 4.13564919e-03,
       2.68817204e-03, 2.89495452e-03, 4.13564919e-03, 6.30686525e-03,
       5.58312656e-03, 4.34243167e-03, 2.89495452e-03, 2.27460708e-03,
       2.27460708e-03, 1.81968566e-02, 4.96277912e-03, 4.75599663e-03,
       4.85938787e-03, 1.96443335e-03, 3.10173701e-03, 3.41191073e-03,
       5.37634408e-03, 2.79156328e-03, 3.51530197e-03, 5.89330029e-03,
       4.75599663e-03 ]
