%YAML:1.0
mandawa-19mar56: !!opencv-matrix
   rows: 1
   cols: 200
   dt: f
   data: [ 3.93086299e-03, 5.05809579e-03, 1.43071851e-02,
       4.42222087e-03, 4.65344824e-03, 5.83848776e-03, 4.13318677e-03,
       7.31256139e-03, 4.74015856e-03, 4.65344824e-03, 8.43979418e-03,
       2.42788601e-03, 1.76021736e-02, 5.34712989e-03, 2.28336896e-03,
       4.91357874e-03, 5.92519809e-03, 7.65940221e-03, 4.42222087e-03,
       4.65344824e-03, 9.33580007e-03, 7.80391926e-03, 4.56673792e-03,
       6.56107301e-03, 1.56078383e-03, 2.19665887e-03, 1.38736342e-03,
       4.76906169e-03, 2.86143715e-03, 5.89629449e-03, 7.83282239e-03,
       4.30660741e-03, 3.35279503e-03, 6.06971513e-03, 2.39898264e-03,
       5.08699939e-03, 7.94843677e-03, 4.62454464e-03, 3.17937462e-03,
       4.21989709e-03, 4.85577201e-03, 3.09266429e-03, 4.76906169e-03,
       5.00028906e-03, 3.32389167e-03, 8.32418073e-03, 4.04647691e-03,
       4.04647691e-03, 5.66506758e-03, 2.68801674e-03, 2.37007928e-03,
       5.83848776e-03, 4.71125497e-03, 9.65373777e-03, 3.23718134e-03,
       4.36441414e-03, 5.52055053e-03, 2.16775527e-03, 3.00595420e-03,
       3.64182913e-03, 4.01757332e-03, 3.58402217e-03, 4.62454464e-03,
       6.93681743e-03, 7.39927171e-03, 1.90762477e-03, 3.55511880e-03,
       5.46274334e-03, 5.78068104e-03, 5.05809579e-03, 3.46840871e-03,
       5.83848776e-03, 5.26041957e-03, 2.97705084e-03, 2.86143715e-03,
       3.26608471e-03, 3.78634618e-03, 4.53783479e-03, 4.82686888e-03,
       3.98866972e-03, 2.51459633e-03, 8.32418073e-03, 4.19099396e-03,
       5.49164694e-03, 7.89062958e-03, 5.72287431e-03, 4.24880069e-03,
       5.26041957e-03, 7.34146498e-03, 5.00028906e-03, 3.26608471e-03,
       2.86143715e-03, 2.19665887e-03, 3.41060176e-03, 4.16209036e-03,
       8.72882828e-03, 4.85577201e-03, 4.10428364e-03, 3.93086299e-03,
       6.15642546e-03, 5.11590252e-03, 4.07538004e-03, 1.92207638e-02,
       2.65911338e-03, 3.32389167e-03, 4.21989709e-03, 1.14457486e-02,
       7.11023761e-03, 8.20856728e-03, 3.35279503e-03, 5.26041957e-03,
       3.67073249e-03, 7.05243088e-03, 3.43950512e-03, 5.75177744e-03,
       6.73449319e-03, 5.40493662e-03, 4.65344824e-03, 3.29498807e-03,
       3.09266429e-03, 2.02323846e-03, 4.10428364e-03, 4.19099396e-03,
       3.17937462e-03, 4.91357874e-03, 4.53783479e-03, 5.92519809e-03,
       5.20261284e-03, 3.00595420e-03, 7.57269235e-03, 3.93086299e-03,
       3.17937462e-03, 4.79796529e-03, 4.82686888e-03, 1.56078383e-03,
       4.48002759e-03, 2.63020978e-03, 8.29527713e-03, 2.31227232e-03,
       4.01757332e-03, 7.86172599e-03, 3.58402217e-03, 2.25446559e-03,
       3.64182913e-03, 2.28336896e-03, 4.24880069e-03, 5.31822676e-03,
       4.91357874e-03, 3.35279503e-03, 3.72853922e-03, 3.15047125e-03,
       5.72287431e-03, 5.69397071e-03, 3.52621544e-03, 9.19128302e-03,
       3.41060176e-03, 3.58402217e-03, 1.87294073e-02, 6.90791383e-03,
       4.50893119e-03, 1.67639751e-03, 1.27753047e-02, 1.58968735e-02,
       5.28932316e-03, 5.05809579e-03, 3.78634618e-03, 2.89034052e-03,
       6.56107301e-03, 6.58997614e-03, 3.46840871e-03, 2.91924388e-03,
       4.62454464e-03, 3.98866972e-03, 8.98895878e-03, 4.24880069e-03,
       5.11590252e-03, 3.00595420e-03, 3.61292553e-03, 2.34117592e-03,
       3.26608471e-03, 4.71125497e-03, 6.18532859e-03, 3.29498807e-03,
       3.55511880e-03, 2.28336896e-03, 5.26041957e-03, 7.91953318e-03,
       4.82686888e-03, 3.87305627e-03, 1.58968731e-03, 5.34712989e-03,
       3.75744258e-03, 4.36441414e-03, 3.84415290e-03, 5.78068104e-03,
       4.71125497e-03, 4.13318677e-03, 5.60726039e-03, 3.03485757e-03,
       4.62454464e-03 ]
