%YAML:1.0
mandawa-19mar29_1: !!opencv-matrix
   rows: 1
   cols: 200
   dt: f
   data: [ 1.98475691e-03, 9.84439440e-03, 6.19244203e-03,
       4.12829453e-03, 5.16036805e-03, 3.65195284e-03, 4.68402635e-03,
       5.31914877e-03, 4.60463623e-03, 2.14353763e-03, 5.79549046e-03,
       4.20768466e-03, 2.77865981e-03, 5.87488059e-03, 2.38170847e-03,
       2.38170847e-03, 6.82756398e-03, 4.44585551e-03, 3.65195284e-03,
       1.42902508e-03, 3.65195284e-03, 5.71610034e-03, 5.87488059e-03,
       3.89012368e-03, 2.69926945e-03, 3.33439186e-03, 4.20768466e-03,
       2.38170847e-03, 2.14353763e-03, 5.00158779e-03, 3.89012368e-03,
       9.68561415e-03, 5.87488059e-03, 3.49317235e-03, 4.12829453e-03,
       3.65195284e-03, 1.42902508e-03, 5.39853889e-03, 4.60463623e-03,
       3.09622101e-03, 4.52524610e-03, 4.44585551e-03, 3.09622101e-03,
       4.20768466e-03, 3.96951381e-03, 5.31914877e-03, 4.76341695e-03,
       5.39853889e-03, 2.85805017e-03, 3.81073356e-03, 5.55731962e-03,
       3.17561114e-03, 1.11940298e-02, 1.00825652e-02, 7.06573483e-03,
       3.57256271e-03, 3.81073356e-03, 4.20768466e-03, 2.30231811e-03,
       5.16036805e-03, 4.28707525e-03, 4.52524610e-03, 2.25468390e-02,
       2.92950142e-02, 1.18291518e-02, 1.27818352e-02, 5.23975864e-03,
       2.46109860e-03, 4.28707525e-03, 2.30231811e-03, 5.47792949e-03,
       4.28707525e-03, 5.31914877e-03, 5.31914877e-03, 2.38170847e-03,
       3.81073356e-03, 4.76341695e-03, 7.54207652e-03, 5.00158779e-03,
       4.36646538e-03, 1.66719593e-03, 4.92219720e-03, 2.54048896e-03,
       4.44585551e-03, 3.65195284e-03, 4.12829453e-03, 3.33439186e-03,
       5.16036805e-03, 1.27024448e-03, 7.06573483e-03, 8.41536932e-03,
       2.54048896e-03, 7.06573483e-03, 3.17561114e-03, 2.30231811e-03,
       4.76341695e-03, 2.54048896e-03, 1.25436643e-02, 2.30231811e-03,
       3.81073356e-03, 5.79549046e-03, 7.38329627e-03, 2.77865981e-03,
       2.14353763e-03, 2.22292775e-03, 5.23975864e-03, 1.96887888e-02,
       4.68402635e-03, 7.93902762e-03, 3.41378199e-03, 3.89012368e-03,
       1.07176881e-02, 9.60622355e-03, 4.20768466e-03, 6.98634470e-03,
       2.14353763e-03, 4.20768466e-03, 2.46109860e-03, 4.36646538e-03,
       9.52683389e-04, 3.09622101e-03, 2.86598913e-02, 6.43061288e-03,
       5.23975864e-03, 6.43061288e-03, 2.46109860e-03, 7.93902762e-03,
       5.87488059e-03, 5.16036805e-03, 1.66719593e-03, 2.38170847e-03,
       5.71610034e-03, 3.57256271e-03, 5.47792949e-03, 3.65195284e-03,
       1.82597642e-03, 5.71610034e-03, 5.08097792e-03, 3.65195284e-03,
       7.06573483e-03, 4.04890440e-03, 3.57256271e-03, 5.95427118e-03,
       1.14322007e-02, 3.41378199e-03, 3.73134320e-03, 3.25500150e-03,
       3.89012368e-03, 5.31914877e-03, 4.04890440e-03, 8.89171101e-03,
       3.17561114e-03, 3.17561114e-03, 4.20768466e-03, 3.89012368e-03,
       2.14353763e-03, 3.89012368e-03, 3.49317235e-03, 4.44585551e-03,
       2.38170847e-03, 5.39853889e-03, 5.47792949e-03, 3.65195284e-03,
       4.20768466e-03, 2.46109860e-03, 5.00158779e-03, 2.14353763e-03,
       4.04890440e-03, 3.33439186e-03, 4.76341695e-03, 2.77865981e-03,
       4.92219720e-03, 8.65354016e-03, 3.25500150e-03, 1.67513490e-02,
       4.44585551e-03, 3.57256271e-03, 4.36646538e-03, 3.49317235e-03,
       1.19085424e-03, 3.17561114e-03, 7.30390567e-03, 4.12829453e-03,
       2.54048896e-03, 2.14353763e-03, 1.05589069e-02, 7.93902786e-04,
       3.57256271e-03, 3.81073356e-03, 6.03366131e-03, 2.93744029e-03,
       1.74658617e-03, 2.22292775e-03, 4.60463623e-03, 8.57415050e-03,
       3.41378199e-03, 5.00158779e-03, 5.16036805e-03, 3.25500150e-03,
       3.17561114e-03 ]
