%YAML:1.0
mandawa-19mar23_11: !!opencv-matrix
   rows: 1
   cols: 200
   dt: f
   data: [ 6.50452496e-03, 3.53506813e-03, 5.30260196e-03,
       3.60576948e-03, 3.81787354e-03, 4.80769249e-03, 3.18156113e-03,
       2.12104083e-03, 3.88857489e-03, 6.78733084e-03, 4.80769249e-03,
       3.95927625e-03, 1.01102944e-02, 6.57522632e-03, 2.26244354e-03,
       2.89875572e-03, 3.60576948e-03, 7.56504573e-03, 3.67647083e-03,
       7.56504573e-03, 4.66628978e-03, 1.62613124e-03, 3.88857489e-03,
       7.35294167e-03, 1.55542989e-03, 1.20192312e-03, 3.25226248e-03,
       2.82805436e-03, 2.47454760e-03, 2.48868782e-02, 8.97907279e-03,
       3.81787354e-03, 4.87839384e-03, 2.33314489e-03, 2.68665166e-03,
       4.66628978e-03, 8.48416355e-04, 1.27262447e-03, 4.38348437e-03,
       7.21153896e-03, 9.82748903e-03, 4.38348437e-03, 2.96945707e-03,
       4.45418572e-03, 1.69683271e-03, 2.60180999e-02, 4.45418572e-03,
       5.58540737e-03, 3.81787354e-03, 3.74717219e-03, 2.54524895e-03,
       2.75735301e-03, 2.82805436e-03, 6.78733084e-03, 3.39366542e-03,
       3.46436678e-03, 5.30260196e-03, 5.65610873e-03, 3.39366542e-03,
       4.73699113e-03, 1.62613124e-03, 6.36312226e-03, 3.32296384e-03,
       6.43382361e-03, 5.51470602e-03, 2.68665166e-03, 2.40384624e-03,
       2.96945707e-03, 6.29242091e-03, 5.86821279e-03, 4.24208166e-03,
       4.59558843e-03, 1.48472853e-03, 2.54524895e-03, 3.18156113e-03,
       7.07013591e-04, 6.08031685e-03, 6.00961549e-03, 5.86821279e-03,
       3.53506813e-03, 6.92873355e-03, 8.20135791e-03, 3.60576948e-03,
       2.33314489e-03, 1.53421955e-02, 1.01102944e-02, 2.19174218e-03,
       2.26244354e-03, 4.80769249e-03, 1.27262447e-03, 3.11085978e-03,
       5.37330331e-03, 5.16119925e-03, 7.28224032e-03, 5.72681008e-03,
       8.97907279e-03, 8.62556603e-03, 1.48472853e-03, 2.82805436e-03,
       9.12047550e-03, 6.36312226e-03, 7.42364302e-03, 1.44937793e-02,
       2.68665166e-03, 2.54524895e-03, 2.82805436e-03, 1.56957023e-02,
       1.90893677e-03, 4.31278301e-03, 5.51470602e-03, 2.68665166e-03,
       6.29242091e-03, 6.00961549e-03, 7.35294167e-03, 2.75735301e-03,
       5.44400467e-03, 3.60576948e-03, 5.16119925e-03, 4.17138031e-03,
       1.97963812e-03, 1.20192312e-03, 6.08031685e-03, 2.05033948e-03,
       3.39366542e-03, 1.34332583e-03, 6.15101820e-03, 3.39366542e-03,
       7.42364302e-03, 3.39366542e-03, 2.40384624e-03, 8.41346197e-03,
       3.53506813e-03, 3.11085978e-03, 6.22171955e-03, 1.27262447e-03,
       4.45418572e-03, 5.79751143e-03, 3.95927625e-03, 3.95927625e-03,
       4.02997760e-03, 2.61595030e-03, 4.45418572e-03, 3.46436678e-03,
       7.14083761e-03, 2.61595030e-03, 7.07013591e-04, 3.32296384e-03,
       4.59558843e-03, 4.31278301e-03, 4.38348437e-03, 4.66628978e-03,
       1.38574671e-02, 1.90893677e-03, 2.75735301e-03, 7.28224032e-03,
       2.26244354e-03, 4.80769249e-03, 1.08173080e-02, 1.60492081e-02,
       4.80769249e-03, 7.07013591e-04, 3.67647083e-03, 8.55486467e-03,
       2.61595030e-03, 4.73699113e-03, 2.75735301e-03, 3.60576948e-03,
       1.67562217e-02, 8.90837144e-03, 3.11085978e-03, 2.96945707e-03,
       4.24208166e-03, 3.74717219e-03, 6.15101820e-03, 4.52488707e-03,
       4.24208178e-04, 3.32296384e-03, 5.51470602e-03, 2.12104083e-03,
       6.36312226e-03, 3.67647083e-03, 3.32296384e-03, 5.09049790e-03,
       3.04015842e-03, 2.75735301e-03, 1.45644806e-02, 2.47454760e-03,
       9.19117685e-03, 4.31278301e-03, 4.52488707e-03, 1.23727378e-02,
       4.38348437e-03, 5.79751143e-03, 5.65610873e-03, 8.83767009e-03,
       3.67647083e-03, 3.46436678e-03, 7.42364302e-03, 4.10067895e-03,
       3.18156113e-03 ]
