%YAML:1.0
mandawa-19mar34_11: !!opencv-matrix
   rows: 1
   cols: 200
   dt: f
   data: [ 4.25691763e-03, 3.56829842e-03, 5.88456262e-03,
       2.94228131e-03, 4.13171388e-03, 2.50406913e-03, 4.94553661e-03,
       2.62927264e-03, 4.88293497e-03, 3.75610357e-03, 8.38863198e-03,
       9.13985260e-03, 2.82333791e-02, 4.31951927e-03, 3.69350193e-03,
       3.00488295e-03, 1.81545014e-03, 1.13309128e-02, 6.19757129e-03,
       6.00976590e-03, 3.59959938e-02, 2.44146748e-03, 8.20082612e-03,
       1.03292847e-02, 2.44146748e-03, 3.56829842e-03, 3.50569678e-03,
       2.56667077e-03, 1.31463632e-03, 8.32602940e-03, 8.07562284e-03,
       2.87967944e-03, 5.50895184e-03, 2.06585694e-03, 1.87805179e-03,
       4.31951927e-03, 2.31626397e-03, 1.81545014e-03, 3.63090029e-03,
       5.50895184e-03, 7.70001253e-03, 5.82196051e-03, 3.38049326e-03,
       1.87805179e-03, 2.50406913e-03, 1.56504323e-03, 5.69675723e-03,
       3.31789162e-03, 1.69024663e-03, 1.07048955e-02, 6.38537621e-03,
       1.94065354e-03, 2.31626397e-03, 4.56992630e-03, 2.56667077e-03,
       3.44309513e-03, 5.63415559e-03, 3.38049326e-03, 9.39025916e-03,
       3.81870545e-03, 3.00488295e-03, 5.38374856e-03, 2.81707780e-03,
       3.25528998e-03, 5.75935887e-03, 4.38212091e-03, 2.87967944e-03,
       3.88130709e-03, 5.13334153e-03, 4.63252794e-03, 5.82196051e-03,
       1.87805179e-03, 2.25366233e-03, 1.12683116e-03, 1.75284839e-03,
       1.12683116e-03, 3.50569678e-03, 4.06911224e-03, 4.19431599e-03,
       2.87967944e-03, 2.87967944e-03, 7.19919894e-03, 3.19268811e-03,
       5.82196051e-03, 1.79040935e-02, 1.94065354e-03, 2.12845881e-03,
       1.94065354e-03, 3.13008646e-03, 1.75284839e-03, 1.31463632e-03,
       3.75610357e-03, 3.75610357e-03, 3.31789162e-03, 3.69350193e-03,
       1.55252283e-02, 5.13334153e-03, 7.32440222e-03, 3.75610357e-03,
       4.31951927e-03, 2.87967944e-03, 3.81870545e-03, 2.36008521e-02,
       4.06911224e-03, 3.50569678e-03, 2.12845881e-03, 1.27707524e-02,
       3.00488295e-03, 4.19431599e-03, 3.50569678e-03, 2.06585694e-03,
       8.76424182e-03, 8.07562284e-03, 4.44472255e-03, 2.62927264e-03,
       5.82196051e-03, 2.56667077e-03, 2.37886561e-03, 6.00976590e-03,
       7.76261417e-03, 1.18943281e-03, 9.89107322e-03, 2.31626397e-03,
       3.94390896e-03, 4.50732466e-03, 4.63252794e-03, 1.41479904e-02,
       6.63578324e-03, 5.00813825e-03, 4.44472255e-03, 4.82033286e-03,
       3.19268811e-03, 3.50569678e-03, 2.75447592e-03, 1.37723796e-03,
       3.00488295e-03, 3.69350193e-03, 5.82196051e-03, 4.25691763e-03,
       3.25528998e-03, 3.06748459e-03, 3.88130709e-03, 3.69350193e-03,
       2.81707780e-03, 2.87967944e-03, 2.00325530e-03, 2.50406913e-03,
       9.32765752e-03, 2.50406913e-03, 2.19106046e-03, 4.63252794e-03,
       4.19431599e-03, 1.56504323e-03, 1.75284839e-03, 8.51383526e-03,
       1.31463632e-02, 4.75773122e-03, 1.50870169e-02, 5.38374856e-03,
       3.50569678e-03, 2.44146748e-03, 1.07674971e-02, 1.77788902e-02,
       3.88130709e-03, 2.37886561e-03, 2.75447592e-03, 3.38049326e-03,
       1.42731937e-02, 2.19106046e-03, 2.12845881e-03, 2.19106046e-03,
       3.06748459e-03, 2.56667077e-03, 3.75610357e-03, 3.81870545e-03,
       3.50569678e-03, 4.38212097e-04, 8.13822448e-03, 5.69675723e-03,
       4.44472255e-03, 1.54626267e-02, 1.37723796e-03, 7.88781792e-03,
       3.63090029e-03, 3.81870545e-03, 1.09553020e-02, 3.06748459e-03,
       5.44635020e-03, 4.00651060e-03, 3.13008646e-03, 5.25854528e-03,
       3.63090029e-03, 4.63252794e-03, 4.50732466e-03, 6.57318160e-03,
       4.19431599e-03, 3.44309513e-03, 4.13171388e-03, 3.44309513e-03,
       2.44146748e-03 ]
