%YAML:1.0
mandawa-19mar32_12: !!opencv-matrix
   rows: 1
   cols: 200
   dt: f
   data: [ 1.76600437e-03, 1.18101547e-02, 7.78145669e-03,
       2.64900643e-03, 1.82119198e-03, 3.97350965e-03, 4.08388488e-03,
       6.29139040e-03, 2.15783659e-02, 3.36644589e-03, 3.97350965e-03,
       2.59381882e-03, 5.29801287e-03, 3.58719635e-03, 4.80132457e-03,
       1.60044141e-03, 5.18763764e-03, 4.13907273e-03, 2.75938190e-03,
       3.25607066e-03, 3.53200873e-03, 2.70419428e-03, 3.42163350e-03,
       4.35982319e-03, 3.20088281e-03, 5.79470163e-03, 2.48344359e-03,
       2.15231790e-03, 2.81456951e-03, 6.07063994e-03, 3.80794681e-03,
       4.74613672e-03, 2.42825598e-03, 4.02869750e-03, 7.11920531e-03,
       4.30463580e-03, 4.35982319e-03, 1.87637960e-03, 6.40176563e-03,
       3.97350965e-03, 3.53200873e-03, 1.71081675e-03, 1.60044141e-03,
       3.31125828e-03, 2.59381882e-03, 2.98013235e-03, 2.70419428e-03,
       3.25607066e-03, 3.53200873e-03, 2.81456951e-03, 3.64238396e-03,
       2.26269313e-03, 4.85651195e-03, 5.62913902e-03, 7.39514316e-03,
       6.40176563e-03, 3.53200873e-03, 3.03531997e-03, 2.09713029e-03,
       4.35982319e-03, 5.18763764e-03, 3.86313465e-03, 1.31346574e-02,
       3.68101522e-02, 3.69757158e-03, 5.57395117e-03, 2.59381882e-03,
       1.22516556e-02, 1.93156733e-03, 3.75275919e-03, 6.34657824e-03,
       3.09050758e-03, 3.31125828e-03, 3.25607066e-03, 2.64900643e-03,
       2.20750552e-03, 2.75938190e-03, 9.21633560e-03, 3.25607066e-03,
       2.09713029e-03, 1.93156733e-03, 3.36644589e-03, 5.68432640e-03,
       3.58719635e-03, 2.09713029e-03, 4.19426057e-03, 3.20088281e-03,
       5.90507733e-03, 2.59381882e-03, 7.28476793e-03, 7.22958054e-03,
       1.98675483e-03, 5.13245026e-03, 3.36644589e-03, 1.71081675e-03,
       3.64238396e-03, 4.02869750e-03, 1.71633549e-02, 4.19426057e-03,
       3.69757158e-03, 3.20088281e-03, 6.45695347e-03, 2.20750552e-03,
       2.98013235e-03, 4.47019842e-03, 2.70419428e-03, 6.18101545e-02,
       4.63576149e-03, 2.98013235e-03, 2.59381882e-03, 3.36644589e-03,
       1.12030907e-02, 5.46357594e-03, 4.02869750e-03, 1.35209709e-02,
       2.15231790e-03, 3.53200873e-03, 3.53200873e-03, 4.85651195e-03,
       3.97350965e-03, 3.20088281e-03, 2.77041942e-02, 2.15231790e-03,
       7.94701930e-03, 1.31346574e-02, 3.75275919e-03, 3.31125828e-03,
       5.46357594e-03, 3.25607066e-03, 6.34657824e-03, 2.92494474e-03,
       3.91832227e-03, 4.63576149e-03, 3.53200873e-03, 2.75938190e-03,
       2.42825598e-03, 2.64900643e-03, 2.26269313e-03, 5.51876379e-03,
       4.24944796e-03, 2.70419428e-03, 2.26269313e-03, 3.25607066e-03,
       1.48454746e-02, 2.92494474e-03, 2.04194244e-03, 1.71081675e-03,
       4.08388488e-03, 3.64238396e-03, 5.07726241e-03, 3.58719639e-02,
       3.64238396e-03, 2.42825598e-03, 3.14569520e-03, 8.83002183e-04,
       4.69094887e-03, 2.15231790e-03, 2.04194244e-03, 4.02869750e-03,
       7.17439270e-03, 3.20088281e-03, 2.48344359e-03, 2.81456951e-03,
       1.49006618e-03, 4.30463580e-03, 9.38189775e-03, 2.59381882e-03,
       3.53200873e-03, 3.25607066e-03, 3.31125828e-03, 4.35982319e-03,
       1.56732891e-02, 3.97350965e-03, 1.18653420e-02, 2.37306836e-03,
       4.35982319e-03, 2.59381882e-03, 3.80794681e-03, 3.64238396e-03,
       2.92494474e-03, 2.15231790e-03, 4.80132457e-03, 3.64238396e-03,
       2.26269313e-03, 4.24944796e-03, 2.86975713e-03, 3.97350965e-03,
       2.37306836e-03, 4.02869750e-03, 3.69757158e-03, 3.20088281e-03,
       2.59381882e-03, 4.13907273e-03, 3.36644589e-03, 4.47019842e-03,
       3.36644589e-03, 2.98013235e-03, 1.60044141e-03, 4.63576149e-03,
       2.09713029e-03 ]
