%YAML:1.0
mandawa-19mar31_1: !!opencv-matrix
   rows: 1
   cols: 200
   dt: f
   data: [ 1.66316528e-03, 1.58438385e-02, 7.26540620e-03,
       5.33963600e-03, 8.05322174e-03, 4.63935593e-03, 2.36344547e-03,
       8.05322174e-03, 1.52310925e-02, 2.36344547e-03, 4.90196096e-03,
       2.71358551e-03, 6.30252110e-03, 3.06372554e-03, 4.90196096e-03,
       4.37675091e-03, 5.16456598e-03, 3.32633057e-03, 1.40056026e-03,
       1.48809527e-03, 2.10084044e-03, 2.53851549e-03, 4.46428591e-03,
       3.41386558e-03, 2.27591046e-03, 5.42717101e-03, 5.68977604e-03,
       2.36344547e-03, 2.62605050e-03, 2.88865552e-03, 7.61554623e-03,
       9.45378188e-03, 7.00280117e-03, 3.85154062e-03, 8.22829176e-03,
       1.92577031e-03, 1.57563027e-03, 2.53851549e-03, 2.45098048e-03,
       2.10084044e-03, 4.63935593e-03, 2.53851549e-03, 4.20168089e-03,
       4.63935593e-03, 3.41386558e-03, 6.56512612e-03, 3.76400561e-03,
       8.57843179e-03, 4.81442595e-03, 2.62605050e-03, 4.98949597e-03,
       5.86484605e-03, 1.00665269e-02, 1.14670871e-02, 5.16456598e-03,
       2.71358551e-03, 2.18837545e-03, 6.21498609e-03, 4.72689094e-03,
       3.67647060e-03, 2.80112051e-03, 5.95238106e-03, 1.23424372e-02,
       3.07247899e-02, 1.12920171e-02, 5.86484605e-03, 3.50140058e-03,
       2.88865552e-03, 1.05042022e-03, 3.58893559e-03, 3.85154062e-03,
       3.41386558e-03, 2.18837545e-03, 3.67647060e-03, 3.15126055e-03,
       9.62885155e-04, 4.55182092e-03, 5.60224103e-03, 2.71358551e-03,
       1.75070029e-03, 2.45098048e-03, 3.76400561e-03, 4.72689094e-03,
       3.41386558e-03, 1.83823530e-03, 2.45098048e-03, 5.95238106e-03,
       6.39005611e-03, 2.27591046e-03, 5.33963600e-03, 7.17787119e-03,
       1.22549024e-03, 3.85154062e-03, 2.01330543e-03, 4.98949597e-03,
       5.33963600e-03, 3.15126055e-03, 2.01330539e-02, 6.82773115e-03,
       5.42717101e-03, 5.25210099e-03, 6.12745108e-03, 2.45098048e-03,
       7.87815172e-03, 3.58893559e-03, 2.18837545e-03, 4.54306751e-02,
       4.46428591e-03, 2.62605050e-03, 3.15126055e-03, 2.53851549e-03,
       1.17296921e-02, 6.39005611e-03, 1.66316528e-03, 4.98949597e-03,
       3.93907586e-03, 3.93907586e-03, 2.62605050e-03, 2.71358551e-03,
       3.50140064e-04, 1.05042022e-03, 3.11624650e-02, 2.97619053e-03,
       8.40336177e-03, 1.04166670e-02, 4.46428591e-03, 4.28921590e-03,
       7.96568673e-03, 2.53851549e-03, 7.44047621e-03, 4.20168089e-03,
       5.33963600e-03, 3.06372554e-03, 1.75070029e-03, 2.97619053e-03,
       4.55182092e-03, 5.68977604e-03, 4.37675091e-03, 8.49089678e-03,
       7.00280117e-03, 2.97619053e-03, 2.53851549e-03, 2.71358551e-03,
       1.88200288e-02, 6.12745108e-03, 2.45098048e-03, 2.62605050e-03,
       2.27591046e-03, 4.20168089e-03, 3.41386558e-03, 2.12710090e-02,
       1.57563027e-03, 4.20168089e-03, 3.93907586e-03, 1.13795523e-03,
       4.28921590e-03, 2.18837545e-03, 1.05042022e-03, 3.58893559e-03,
       9.27871186e-03, 2.53851549e-03, 2.53851549e-03, 1.75070029e-03,
       1.57563027e-03, 2.18837545e-03, 4.02661087e-03, 1.83823530e-03,
       3.85154062e-03, 2.10084044e-03, 4.55182092e-03, 1.83823530e-03,
       1.03291320e-02, 6.21498609e-03, 1.17296921e-02, 5.25210099e-03,
       2.01330543e-03, 4.63935593e-03, 3.41386558e-03, 1.92577031e-03,
       2.45098048e-03, 3.41386558e-03, 5.07703098e-03, 4.20168089e-03,
       1.75070029e-03, 2.36344547e-03, 2.36344547e-03, 1.66316528e-03,
       1.66316528e-03, 4.02661087e-03, 5.25210099e-03, 2.27591046e-03,
       2.88865552e-03, 2.97619053e-03, 6.03991607e-03, 5.33963600e-03,
       3.50140058e-03, 6.74019614e-03, 1.92577031e-03, 2.36344547e-03,
       2.10084044e-03 ]
