%YAML:1.0
mandawa055: !!opencv-matrix
   rows: 1
   cols: 200
   dt: f
   data: [ 5.02283126e-03, 4.84018261e-03, 3.24200932e-03,
       3.65296821e-03, 4.84018261e-03, 3.24200932e-03, 1.20547945e-02,
       5.61643858e-03, 2.73972610e-03, 4.10958938e-03, 4.65753442e-03,
       3.60730616e-03, 4.38356167e-03, 6.25570817e-03, 1.23744300e-02,
       1.24200918e-02, 1.46118726e-03, 3.33333341e-03, 1.46118726e-03,
       6.43835636e-03, 3.56164388e-03, 4.79452079e-03, 2.64840201e-03,
       8.12785421e-03, 7.85388146e-03, 4.47488576e-03, 6.25570817e-03,
       4.56621032e-03, 4.29223757e-03, 5.34246583e-03, 3.15068499e-03,
       6.34703226e-03, 6.39269408e-03, 5.29680401e-03, 2.83105043e-03,
       5.70776267e-03, 4.88584489e-03, 1.59817352e-03, 1.91780832e-03,
       3.33333341e-03, 4.47488576e-03, 4.93150717e-03, 1.66666675e-02,
       3.78995435e-03, 4.93150717e-03, 3.10502294e-03, 3.88127868e-03,
       4.93150717e-03, 3.51598184e-03, 4.88584489e-03, 8.81278608e-03,
       4.61187214e-03, 2.78538815e-03, 3.19634704e-03, 8.85844789e-03,
       8.26484058e-03, 2.23744288e-03, 1.71689503e-02, 5.11415536e-03,
       1.10045662e-02, 4.88584489e-03, 2.37442926e-03, 5.38812811e-03,
       6.16438361e-03, 3.51598184e-03, 1.46575347e-02, 5.20547945e-03,
       3.69863026e-03, 3.51598184e-03, 5.93607314e-03, 4.24657529e-03,
       4.65753442e-03, 8.17351602e-03, 4.88584489e-03, 5.84474904e-03,
       5.29680401e-03, 4.15525120e-03, 3.83561663e-03, 4.47488576e-03,
       2.19178083e-03, 4.56621032e-03, 3.10502294e-03, 1.18264845e-02,
       2.64840201e-03, 6.66666683e-03, 5.38812811e-03, 4.06392710e-03,
       4.01826482e-03, 6.98630139e-03, 3.83561663e-03, 1.68949773e-03,
       5.02283126e-03, 3.33333341e-03, 4.65753442e-03, 9.04109608e-03,
       4.88584489e-03, 5.47945220e-03, 2.55707768e-03, 1.03652971e-02,
       2.10045674e-03, 5.57077629e-03, 3.37899546e-03, 5.89041132e-03,
       4.24657529e-03, 4.56621032e-03, 2.87671247e-03, 1.73059367e-02,
       3.92694073e-03, 4.06392710e-03, 4.29223757e-03, 6.84931548e-03,
       2.28310516e-03, 4.65753442e-03, 4.10958938e-03, 6.21004589e-03,
       4.88584489e-03, 4.06392710e-03, 4.47488576e-03, 2.10045674e-03,
       1.68949773e-03, 3.83561663e-03, 4.70319670e-03, 6.11872179e-03,
       3.88127868e-03, 4.33789985e-03, 3.92694073e-03, 3.19634704e-03,
       6.34703226e-03, 4.15525120e-03, 6.75799092e-03, 4.47488576e-03,
       4.15525120e-03, 2.96803657e-03, 4.47488576e-03, 2.42009130e-03,
       5.06849354e-03, 2.14611879e-03, 8.03652965e-03, 7.16895005e-03,
       6.43835636e-03, 7.21461233e-03, 3.42465774e-03, 9.26940702e-03,
       5.25114173e-03, 6.02739723e-03, 3.28767137e-03, 4.84018261e-03,
       3.92694073e-03, 5.75342495e-03, 5.43378992e-03, 4.56621032e-03,
       3.78995435e-03, 3.74429231e-03, 2.73972610e-03, 4.79452079e-03,
       3.24200932e-03, 3.65296821e-03, 2.46575358e-03, 6.75799092e-03,
       2.46575358e-03, 4.65753442e-03, 4.15525120e-03, 3.33333341e-03,
       3.47031979e-03, 3.83561663e-03, 7.16895005e-03, 3.78995435e-03,
       6.57534273e-03, 4.97716898e-03, 4.56621032e-03, 3.83561663e-03,
       3.15068499e-03, 3.19634704e-03, 4.29223757e-03, 5.52511448e-03,
       4.88584489e-03, 5.38812811e-03, 7.89954327e-03, 4.20091348e-03,
       6.89497730e-03, 8.49315058e-03, 4.56621032e-03, 3.47031979e-03,
       7.03196367e-03, 5.11415536e-03, 4.20091348e-03, 4.10958938e-03,
       4.65753442e-03, 4.33789985e-03, 6.80365320e-03, 2.78538815e-03,
       3.19634704e-03, 5.02283126e-03, 4.79452079e-03, 3.15068499e-03,
       2.42009130e-03, 4.88584489e-03, 1.87214615e-03, 3.24200932e-03,
       3.69863026e-03 ]
