%YAML:1.0
mandawa-19mar35_12: !!opencv-matrix
   rows: 1
   cols: 200
   dt: f
   data: [ 4.66543343e-03, 5.16980467e-03, 7.43947504e-03,
       3.15231993e-03, 2.90013431e-03, 3.15231993e-03, 4.91761928e-03,
       4.07700054e-03, 3.53059848e-03, 5.21183573e-03, 4.20309324e-03,
       9.12071299e-03, 3.92989218e-02, 3.74075305e-03, 5.04371198e-03,
       4.07700054e-03, 3.40450555e-03, 1.54253524e-02, 2.77404161e-03,
       3.82481492e-03, 2.75302622e-02, 4.28715535e-03, 3.69872223e-03,
       3.99293890e-03, 3.27841286e-03, 3.57262930e-03, 2.52185599e-03,
       3.57262930e-03, 1.97545392e-03, 9.58305318e-03, 1.00874240e-02,
       4.16106218e-03, 2.60591786e-03, 3.15231993e-03, 3.06825805e-03,
       2.60591786e-03, 3.74075305e-03, 3.06825805e-03, 4.03496949e-03,
       1.18106920e-02, 4.28715535e-03, 3.78278410e-03, 2.85810349e-03,
       4.79152659e-03, 3.15231993e-03, 1.73167437e-02, 2.90013431e-03,
       3.36247473e-03, 3.69872223e-03, 4.20309324e-03, 2.68997974e-03,
       2.26967037e-03, 3.19435098e-03, 3.57262930e-03, 3.02622723e-03,
       4.91761928e-03, 6.17854716e-03, 3.95090785e-03, 3.74075305e-03,
       4.95965034e-03, 4.28715535e-03, 4.11903160e-03, 3.19435098e-03,
       5.37995948e-03, 8.44821800e-03, 2.77404161e-03, 3.15231993e-03,
       4.58137179e-03, 3.11028911e-03, 5.63214486e-03, 3.69872223e-03,
       3.74075305e-03, 7.01916590e-03, 3.02622723e-03, 2.77404161e-03,
       4.91761928e-03, 2.85810349e-03, 4.45527909e-03, 2.39576329e-03,
       4.37121699e-03, 4.49730968e-03, 9.62508377e-03, 2.77404161e-03,
       3.11028911e-03, 8.28009378e-03, 5.75823803e-03, 1.68123737e-03,
       5.25386678e-03, 3.36247473e-03, 3.82481492e-03, 2.43779412e-03,
       4.49730968e-03, 1.93342299e-03, 3.90887680e-03, 4.62340284e-03,
       8.74243397e-03, 3.61466035e-03, 3.82481492e-03, 2.85810349e-03,
       6.97713485e-03, 3.53059848e-03, 2.64794892e-03, 2.01328173e-02,
       3.69872223e-03, 3.36247473e-03, 1.55514455e-03, 5.29589783e-03,
       6.05245447e-03, 4.91761928e-03, 4.58137179e-03, 3.19435098e-03,
       4.20309324e-03, 3.27841286e-03, 3.06825805e-03, 5.37995948e-03,
       6.01042341e-03, 2.90013431e-03, 4.07700054e-03, 2.73201056e-03,
       9.16274358e-03, 1.51311362e-03, 4.45527909e-03, 3.57262930e-03,
       5.37995948e-03, 4.41324804e-03, 6.34667091e-03, 4.70746448e-03,
       1.58036314e-02, 3.27841286e-03, 4.62340284e-03, 3.69872223e-03,
       3.74075305e-03, 3.53059848e-03, 4.95965034e-03, 2.94216536e-03,
       3.57262930e-03, 4.49730968e-03, 2.68997974e-03, 3.69872223e-03,
       5.12777409e-03, 4.07700054e-03, 2.77404161e-03, 4.37121699e-03,
       3.48856742e-03, 3.78278410e-03, 5.42199053e-03, 3.44653660e-03,
       4.53934073e-03, 2.98419618e-03, 4.16106218e-03, 2.90013431e-03,
       1.05497641e-02, 4.49730968e-03, 2.60591786e-03, 7.35541340e-03,
       6.05245447e-03, 2.35373224e-03, 2.74882298e-02, 7.35541340e-03,
       3.40450555e-03, 3.65669117e-03, 3.32044368e-03, 1.25672491e-02,
       3.44653660e-03, 2.05951580e-03, 2.94216536e-03, 3.36247473e-03,
       6.05245447e-03, 5.12777409e-03, 3.53059848e-03, 2.73201056e-03,
       4.70746448e-03, 3.15231993e-03, 3.69872223e-03, 2.10154662e-03,
       4.41324804e-03, 9.45695955e-03, 4.03496949e-03, 2.85810349e-03,
       3.36247473e-03, 7.27135129e-03, 8.44821800e-03, 4.07700054e-03,
       3.19435098e-03, 5.29589783e-03, 5.80026861e-03, 4.45527909e-03,
       2.85810349e-03, 4.49730968e-03, 2.98419618e-03, 7.18728965e-03,
       4.07700054e-03, 3.74075305e-03, 2.43779412e-03, 5.84229967e-03,
       5.50605217e-03, 3.95090785e-03, 6.47276361e-03, 3.82481492e-03,
       3.69872223e-03 ]
