%YAML:1.0
mandawa052: !!opencv-matrix
   rows: 1
   cols: 200
   dt: f
   data: [ 1.59981044e-03, 1.00136278e-02, 2.72560283e-03,
       2.37008953e-03, 1.71831483e-03, 1.22652128e-02, 4.85868333e-03,
       1.83681939e-02, 4.74017905e-03, 5.15494449e-03, 3.31812538e-03,
       2.78485520e-03, 5.45120565e-03, 3.55513417e-03, 7.16952095e-03,
       4.97718807e-03, 4.38466575e-03, 6.33998960e-03, 3.49588203e-03,
       5.09569235e-03, 6.93251193e-03, 1.71831483e-03, 3.73289105e-03,
       3.14036850e-03, 4.97718807e-03, 4.44391789e-03, 3.85139533e-03,
       7.82129541e-03, 2.72560283e-03, 1.62943657e-02, 1.29762404e-02,
       3.08111636e-03, 1.95532385e-03, 1.71831483e-03, 1.71831483e-03,
       4.62167431e-03, 1.30354927e-03, 1.42205367e-03, 3.73289105e-03,
       1.66498795e-02, 4.14765673e-03, 4.62167431e-03, 1.65906269e-03,
       6.99176406e-03, 3.08111636e-03, 1.09616639e-02, 7.28802523e-03,
       1.24429702e-03, 1.13171777e-02, 4.68092691e-03, 2.66635069e-03,
       1.71831483e-03, 7.11026834e-03, 2.07382836e-03, 7.52503425e-03,
       7.93979969e-03, 1.25614740e-02, 4.97718807e-03, 4.08840459e-03,
       5.15494449e-03, 1.65906269e-03, 5.51045826e-03, 2.60709855e-03,
       8.82858317e-03, 7.28802523e-03, 6.39924174e-03, 9.95437615e-03,
       4.50317003e-03, 3.37737752e-03, 6.28073700e-03, 6.45849388e-03,
       3.85139533e-03, 4.97718807e-03, 3.14036850e-03, 4.79943119e-03,
       4.08840459e-03, 3.55513417e-03, 3.85139533e-03, 2.84410734e-03,
       8.94708745e-03, 2.01457599e-03, 8.82858317e-03, 2.54784618e-03,
       2.96261185e-03, 2.54784618e-03, 5.68821467e-03, 5.74746681e-03,
       1.12579251e-02, 1.59981044e-03, 1.54055818e-03, 3.73289105e-03,
       4.14765673e-03, 6.45849388e-03, 1.77756709e-03, 4.32541315e-03,
       3.37737752e-03, 4.14765673e-03, 3.02186422e-03, 1.89607160e-03,
       6.99176406e-03, 3.55513417e-03, 3.37737752e-03, 1.36280144e-02,
       4.68092691e-03, 2.19233287e-03, 2.13308050e-03, 3.73289105e-03,
       2.72560283e-03, 4.26616101e-03, 3.19962087e-03, 4.20690887e-03,
       3.73289105e-03, 5.86597156e-03, 4.20690887e-03, 2.25158501e-03,
       1.58203468e-02, 2.78485520e-03, 3.43662966e-03, 2.60709855e-03,
       1.55833382e-02, 7.46578211e-03, 5.45120565e-03, 4.32541315e-03,
       4.85868333e-03, 5.21419710e-03, 4.20690887e-03, 1.04876459e-02,
       2.72560283e-03, 1.89607160e-03, 3.31812538e-03, 4.02915198e-03,
       5.68821467e-03, 1.30354927e-03, 3.55513417e-03, 4.02915198e-03,
       3.19962087e-03, 4.85868333e-03, 1.89607160e-03, 1.12579251e-03,
       5.92522370e-03, 3.08111636e-03, 4.20690887e-03, 5.15494449e-03,
       3.43662966e-03, 3.43662966e-03, 5.51045826e-03, 2.66635069e-03,
       2.31083715e-03, 2.66635069e-03, 4.50317003e-03, 2.90335971e-03,
       1.51685728e-02, 2.13308050e-03, 3.96989984e-03, 4.20690887e-03,
       3.61438654e-03, 1.83681934e-03, 4.32541315e-03, 1.60573572e-02,
       8.29531346e-04, 5.74746681e-03, 3.02186422e-03, 9.59886238e-03,
       6.87325932e-03, 2.31083715e-03, 3.31812538e-03, 4.74017905e-03,
       2.01457599e-03, 5.98447584e-03, 2.07382836e-03, 4.02915198e-03,
       4.26616101e-03, 2.25158501e-03, 2.25158501e-03, 1.83681934e-03,
       2.21010838e-02, 2.22195890e-02, 4.50317003e-03, 2.96261185e-03,
       4.20690887e-03, 4.97718807e-03, 4.20690887e-03, 4.74017905e-03,
       4.79943119e-03, 8.71007890e-03, 2.01457599e-03, 3.79214319e-03,
       2.90335971e-03, 5.56971040e-03, 3.85139533e-03, 5.92522370e-03,
       3.73289105e-03, 4.26616101e-03, 2.66635069e-03, 2.96261185e-03,
       4.56242217e-03, 3.31812538e-03, 8.35456513e-03, 5.27344923e-03,
       9.48035799e-04 ]
