%YAML:1.0
mandawa-19mar27_1: !!opencv-matrix
   rows: 1
   cols: 200
   dt: f
   data: [ 3.57931620e-03, 2.43698130e-03, 6.01629773e-03,
       1.67542463e-03, 2.66544824e-03, 2.74160388e-03, 3.96009441e-03,
       1.98004721e-03, 6.01629773e-03, 3.50316055e-03, 6.24476466e-03,
       5.63551905e-03, 3.35084945e-02, 4.87396261e-03, 2.51313695e-03,
       2.81775952e-03, 2.36082566e-03, 1.80488937e-02, 3.42700491e-03,
       5.40705211e-03, 2.79491302e-02, 1.90389168e-03, 2.81775952e-03,
       8.37712362e-03, 5.78783080e-03, 4.26471746e-03, 6.54938724e-03,
       1.52311334e-03, 1.37080194e-03, 6.70169853e-03, 9.29099135e-03,
       3.96009441e-03, 3.27469362e-03, 1.67542463e-03, 2.43698130e-03,
       3.50316055e-03, 1.59926899e-03, 1.37080194e-03, 4.11240617e-03,
       6.47323160e-03, 4.03625006e-03, 7.00632110e-03, 3.19853798e-03,
       2.51313695e-03, 2.43698130e-03, 4.49318439e-03, 6.93016546e-03,
       4.56934003e-03, 1.44695770e-03, 5.48320776e-03, 3.65547184e-03,
       1.59926899e-03, 1.90389168e-03, 4.72165132e-03, 1.67542463e-03,
       3.12238233e-03, 5.40705211e-03, 2.51313695e-03, 6.85400981e-03,
       3.50316055e-03, 1.44695770e-03, 5.17858518e-03, 3.19853798e-03,
       1.04333265e-02, 1.30987745e-02, 4.11240617e-03, 2.28467002e-03,
       2.97007104e-03, 5.63551905e-03, 4.72165132e-03, 4.79780696e-03,
       2.36082566e-03, 1.82773592e-03, 1.90389168e-03, 1.29464630e-03,
       5.02627390e-03, 3.88393900e-03, 7.00632110e-03, 4.64549568e-03,
       5.86398644e-03, 5.02627390e-03, 1.82012040e-02, 2.43698130e-03,
       3.12238233e-03, 1.11948829e-02, 1.75158028e-03, 3.12238233e-03,
       4.56934003e-03, 3.12238233e-03, 8.37712316e-04, 1.59926899e-03,
       3.88393900e-03, 4.34087310e-03, 3.27469362e-03, 4.87396261e-03,
       1.14233503e-02, 2.81775952e-03, 4.11240617e-03, 3.73162772e-03,
       1.21849065e-03, 2.28467002e-03, 5.10242954e-03, 2.36844122e-02,
       4.56934003e-03, 3.57931620e-03, 2.89391540e-03, 7.23478803e-03,
       2.51313695e-03, 7.38709979e-03, 3.96009441e-03, 2.89391540e-03,
       6.77785417e-03, 5.25474083e-03, 4.72165132e-03, 2.13235873e-03,
       4.03625006e-03, 2.81775952e-03, 3.27469362e-03, 6.47323160e-03,
       1.14233503e-02, 1.14233501e-03, 7.99634494e-03, 2.28467002e-03,
       5.40705211e-03, 1.29464630e-03, 4.18856181e-03, 3.35084926e-03,
       2.68829502e-02, 5.86398644e-03, 8.22481234e-03, 4.41702874e-03,
       2.81775952e-03, 4.26471746e-03, 4.03625006e-03, 2.20851437e-03,
       2.43698130e-03, 3.19853798e-03, 4.79780696e-03, 4.64549568e-03,
       2.05620308e-03, 2.58929259e-03, 3.27469362e-03, 6.16860902e-03,
       3.27469362e-03, 2.89391540e-03, 2.28467002e-03, 2.51313695e-03,
       6.39707595e-03, 1.52311334e-03, 1.52311334e-03, 3.27469362e-03,
       4.79780696e-03, 2.28467002e-03, 1.82773592e-03, 1.02810152e-02,
       5.78783080e-03, 3.35084926e-03, 2.58929264e-02, 1.21087506e-02,
       1.98004721e-03, 3.50316055e-03, 9.36714653e-03, 2.30751671e-02,
       1.98004721e-03, 1.37080194e-03, 2.05620308e-03, 5.48320776e-03,
       1.05094817e-02, 1.82773592e-03, 2.36082566e-03, 1.37080194e-03,
       3.96009441e-03, 1.98004721e-03, 4.64549568e-03, 2.81775952e-03,
       1.29464630e-03, 3.57931620e-03, 5.55936340e-03, 3.50316055e-03,
       7.23478803e-03, 8.07250012e-03, 2.36082566e-03, 8.75790138e-03,
       2.74160388e-03, 2.20851437e-03, 1.08141042e-02, 1.75158028e-03,
       3.04622669e-03, 2.89391540e-03, 7.46325543e-03, 8.68174620e-03,
       4.03625006e-03, 7.00632110e-03, 4.95011825e-03, 5.33089647e-03,
       6.70169853e-03, 2.97007104e-03, 1.75158028e-03, 2.97007104e-03,
       1.67542463e-03 ]
