%YAML:1.0
mandawa-19mar20_11: !!opencv-matrix
   rows: 1
   cols: 200
   dt: f
   data: [ 3.73458094e-03, 6.71470072e-03, 1.57305077e-02,
       3.69685772e-03, 6.90331636e-03, 3.77230393e-03, 3.43279657e-03,
       2.94239703e-03, 4.07408830e-03, 6.56380877e-03, 3.92319588e-03,
       2.37655151e-03, 1.35048479e-02, 3.28190438e-03, 4.37587267e-03,
       3.54596577e-03, 7.54460786e-03, 5.35667175e-03, 3.99864232e-03,
       3.20645841e-03, 2.33882852e-03, 3.09328921e-03, 4.97944094e-03,
       2.48972047e-03, 1.00343283e-02, 1.38066327e-02, 2.67833588e-03,
       2.56516668e-03, 2.26338231e-03, 2.48972047e-03, 5.24350256e-03,
       4.07408830e-03, 4.56448784e-03, 6.71470072e-03, 3.88547312e-03,
       6.82786992e-03, 2.18793633e-03, 4.90399497e-03, 2.07476714e-03,
       2.86695105e-03, 4.18725749e-03, 2.71605887e-03, 5.80934808e-03,
       3.39507358e-03, 4.03636508e-03, 2.30110530e-03, 7.16737751e-03,
       6.41291682e-03, 5.54528693e-03, 2.41427450e-03, 5.28122531e-03,
       3.24418140e-03, 8.75174534e-03, 3.92319588e-03, 7.05420831e-03,
       4.79082577e-03, 3.09328921e-03, 5.58300968e-03, 2.71605887e-03,
       4.75310301e-03, 2.18793633e-03, 3.24418140e-03, 1.64849684e-02,
       1.82956737e-02, 7.20510026e-03, 1.33539559e-02, 2.37655151e-03,
       1.99932116e-03, 1.99932116e-03, 3.01784324e-03, 2.79150484e-03,
       6.45063957e-03, 2.60288967e-03, 6.33747038e-03, 3.84774990e-03,
       2.41427450e-03, 5.20577934e-03, 6.67697797e-03, 3.39507358e-03,
       3.05556622e-03, 2.82922783e-03, 7.35599268e-03, 3.96091910e-03,
       4.45131864e-03, 2.79150484e-03, 2.86695105e-03, 4.14953427e-03,
       2.52744369e-03, 3.65913473e-03, 3.43279657e-03, 1.09396810e-02,
       4.30042623e-03, 4.60221060e-03, 4.07408830e-03, 3.77230393e-03,
       4.56448784e-03, 7.99728464e-03, 7.46916188e-03, 5.28122531e-03,
       3.73458094e-03, 3.54596577e-03, 4.97944094e-03, 3.09328921e-03,
       4.97944094e-03, 7.46916188e-03, 3.99864232e-03, 1.49383238e-02,
       2.15021311e-03, 1.99932116e-03, 4.14953427e-03, 2.71605887e-03,
       1.34671247e-02, 7.46916188e-03, 3.65913473e-03, 4.82854899e-03,
       5.13033336e-03, 5.28122531e-03, 5.28122531e-03, 5.05488738e-03,
       3.73458094e-03, 4.37587267e-03, 2.30864994e-02, 2.11249013e-03,
       6.97876234e-03, 1.17695881e-02, 3.88547312e-03, 3.88547312e-03,
       3.58368875e-03, 3.58368875e-03, 1.12791890e-02, 4.07408830e-03,
       4.03636508e-03, 2.56516668e-03, 2.56516668e-03, 3.31962737e-03,
       5.24350256e-03, 4.71537979e-03, 3.92319588e-03, 4.03636508e-03,
       4.41359542e-03, 3.16873519e-03, 3.99864232e-03, 3.35735036e-03,
       8.86491407e-03, 5.58300968e-03, 6.56380877e-03, 3.01784324e-03,
       2.71605887e-03, 4.37587267e-03, 3.62141174e-03, 7.92183820e-03,
       2.60288967e-03, 3.58368875e-03, 5.65845566e-03, 1.84842886e-03,
       7.16737751e-03, 6.71470072e-03, 2.07476714e-03, 3.58368875e-03,
       1.44856470e-02, 4.90399497e-03, 5.69617888e-03, 3.77230393e-03,
       2.60288967e-03, 2.98012001e-03, 2.56516668e-03, 3.88547312e-03,
       4.52676462e-03, 6.52608555e-03, 4.94171819e-03, 3.62141174e-03,
       4.63993382e-03, 8.52540694e-03, 1.50892157e-02, 2.30110530e-03,
       1.81070587e-03, 3.35735036e-03, 5.09261014e-03, 4.60221060e-03,
       4.82854899e-03, 4.22498025e-03, 4.07408830e-03, 5.01716416e-03,
       3.24418140e-03, 3.54596577e-03, 2.03704415e-03, 7.28054671e-03,
       2.79150484e-03, 2.22565932e-03, 3.96091910e-03, 4.41359542e-03,
       3.92319588e-03, 4.33814945e-03, 5.43211773e-03, 6.41291682e-03,
       3.77230393e-03, 5.35667175e-03, 3.01784324e-03, 3.47051956e-03,
       3.28190438e-03 ]
