%YAML:1.0
mandawa-19mar21_12: !!opencv-matrix
   rows: 1
   cols: 200
   dt: f
   data: [ 3.55122983e-03, 5.65566262e-03, 7.10245967e-03,
       2.89359479e-03, 4.86650039e-03, 4.86650039e-03, 4.86650039e-03,
       4.86650039e-03, 6.44482486e-03, 3.81428399e-03, 3.41970287e-03,
       5.39260823e-03, 1.06536895e-02, 3.55122983e-03, 2.10443255e-03,
       3.94581119e-03, 4.34039207e-03, 7.62856798e-03, 7.10245967e-03,
       4.20886511e-03, 2.74891499e-02, 3.15664895e-03, 7.36551406e-03,
       4.73497342e-03, 7.10245967e-03, 4.60344600e-03, 2.36748671e-03,
       3.68275703e-03, 2.76206783e-03, 5.12955431e-03, 1.01275817e-02,
       4.47191903e-03, 2.23595952e-03, 3.28817591e-03, 3.41970287e-03,
       4.07733815e-03, 3.55122983e-03, 2.23595952e-03, 1.97290559e-03,
       1.02591086e-02, 2.49901367e-03, 3.02512175e-03, 3.15664895e-03,
       4.20886511e-03, 5.39260823e-03, 5.65566262e-03, 4.34039207e-03,
       3.68275703e-03, 5.39260823e-03, 6.57635182e-03, 4.07733815e-03,
       3.28817591e-03, 3.41970287e-03, 4.86650039e-03, 3.81428399e-03,
       5.91871655e-03, 1.23635409e-02, 1.84137851e-03, 7.62856798e-03,
       3.94581119e-03, 2.89359479e-03, 3.68275703e-03, 3.68275703e-03,
       9.99605469e-03, 1.07852165e-02, 3.15664895e-03, 4.60344600e-03,
       6.05024351e-03, 4.47191903e-03, 3.81428399e-03, 5.39260823e-03,
       3.15664895e-03, 6.44482486e-03, 2.23595952e-03, 2.76206783e-03,
       4.07733815e-03, 1.97290559e-03, 3.15664895e-03, 4.99802735e-03,
       6.18177047e-03, 2.63054064e-03, 1.47310281e-02, 4.07733815e-03,
       6.57635182e-03, 8.41773022e-03, 5.26108127e-03, 2.89359479e-03,
       1.14428522e-02, 3.15664895e-03, 5.91871655e-03, 2.23595952e-03,
       2.10443255e-03, 3.28817591e-03, 3.28817591e-03, 4.20886511e-03,
       8.02314933e-03, 3.15664895e-03, 8.28620326e-03, 2.76206783e-03,
       5.12955431e-03, 3.94581119e-03, 2.49901367e-03, 1.02591086e-02,
       3.94581119e-03, 3.55122983e-03, 2.76206783e-03, 5.39260823e-03,
       5.91871655e-03, 7.23398710e-03, 3.55122983e-03, 2.63054064e-03,
       6.70787878e-03, 2.49901367e-03, 3.41970287e-03, 6.83940575e-03,
       1.59147717e-02, 2.89359479e-03, 4.60344600e-03, 1.84137851e-03,
       1.28896497e-02, 1.97290559e-03, 7.10245967e-03, 4.20886511e-03,
       4.99802735e-03, 5.78718958e-03, 5.39260823e-03, 1.31527036e-02,
       5.52413566e-03, 3.02512175e-03, 6.44482486e-03, 5.12955431e-03,
       4.07733815e-03, 2.76206783e-03, 3.68275703e-03, 1.70985144e-03,
       6.18177047e-03, 2.36748671e-03, 4.47191903e-03, 4.47191903e-03,
       3.68275703e-03, 5.26108127e-03, 3.02512175e-03, 4.86650039e-03,
       2.89359479e-03, 1.18374336e-03, 3.81428399e-03, 3.55122983e-03,
       4.47191903e-03, 3.81428399e-03, 3.41970287e-03, 2.63054064e-03,
       1.38103385e-02, 4.86650039e-03, 3.81428399e-03, 6.44482486e-03,
       8.94383807e-03, 3.55122983e-03, 1.24950679e-02, 1.19689601e-02,
       2.10443255e-03, 2.76206783e-03, 9.60147381e-03, 1.03906356e-02,
       5.26108127e-03, 4.73497342e-03, 2.76206783e-03, 4.47191903e-03,
       5.39260823e-03, 4.07733815e-03, 5.26108127e-03, 2.76206783e-03,
       3.55122983e-03, 2.10443255e-03, 4.20886511e-03, 2.89359479e-03,
       4.07733815e-03, 1.34157576e-02, 4.73497342e-03, 2.89359479e-03,
       2.63054064e-03, 1.05221625e-02, 6.05024351e-03, 3.28817591e-03,
       3.68275703e-03, 1.57832447e-03, 3.81428399e-03, 5.26108127e-03,
       3.02512175e-03, 2.76206783e-03, 1.70985144e-03, 2.76206783e-03,
       3.55122983e-03, 3.15664895e-03, 2.89359479e-03, 3.81428399e-03,
       4.99802735e-03, 3.94581119e-03, 4.20886511e-03, 4.07733815e-03,
       3.02512175e-03 ]
