%YAML:1.0
mandawa-19mar45: !!opencv-matrix
   rows: 1
   cols: 200
   dt: f
   data: [ 2.45650765e-03, 7.49033503e-03, 5.07409777e-03,
       3.26192006e-03, 3.98679124e-03, 8.53737071e-03, 7.49033503e-03,
       7.24871119e-04, 8.01385287e-03, 2.65786075e-03, 3.46327317e-03,
       9.62467771e-03, 1.88466497e-02, 2.41623702e-03, 2.93975510e-03,
       2.41623702e-03, 3.50354379e-03, 1.23228086e-02, 7.73195829e-03,
       5.87951019e-03, 4.05927822e-02, 2.61759013e-03, 9.10115987e-03,
       5.83923934e-03, 3.98679124e-03, 5.35599189e-03, 3.06056696e-03,
       1.57055410e-03, 2.33569578e-03, 2.01353082e-03, 7.97358248e-03,
       7.53060542e-03, 1.32893038e-03, 2.77867261e-03, 1.89271907e-03,
       4.47003869e-03, 2.33569578e-03, 1.85244845e-03, 2.81894323e-03,
       5.07409777e-03, 2.09407206e-03, 5.43653313e-03, 3.26192006e-03,
       1.61082472e-03, 2.93975510e-03, 1.40947162e-03, 5.51707437e-03,
       3.34246131e-03, 5.83923934e-03, 5.59761561e-03, 3.78543814e-03,
       2.65786075e-03, 1.57055410e-03, 4.06733248e-03, 4.22841497e-03,
       5.39626274e-03, 9.14143026e-03, 1.97326019e-03, 6.44329889e-03,
       4.79220366e-03, 1.73163658e-03, 9.18170065e-03, 3.66462627e-03,
       5.83923934e-03, 9.78576019e-03, 4.18814411e-03, 5.07409777e-03,
       6.92654634e-03, 3.46327317e-03, 5.83923934e-03, 5.83923934e-03,
       2.45650765e-03, 4.47003869e-03, 2.17461330e-03, 3.30219069e-03,
       4.22841497e-03, 1.89271907e-03, 5.91978058e-03, 3.14110820e-03,
       1.04300901e-02, 1.08730665e-03, 1.57055408e-02, 2.69813137e-03,
       8.53737071e-03, 7.12789921e-03, 1.20811851e-03, 4.10760287e-03,
       7.24871131e-03, 3.66462627e-03, 5.19490940e-03, 3.02029634e-03,
       2.73840199e-03, 4.55057994e-03, 2.98002572e-03, 3.42300255e-03,
       6.88627549e-03, 3.22164944e-03, 6.96681673e-03, 2.69813137e-03,
       3.58408503e-03, 2.01353082e-03, 5.23518026e-03, 1.23630799e-02,
       5.31572150e-03, 3.78543814e-03, 2.93975510e-03, 4.47003869e-03,
       5.96005144e-03, 5.91978058e-03, 4.18814411e-03, 3.90624977e-03,
       4.22841497e-03, 1.77190721e-03, 3.14110820e-03, 5.47680398e-03,
       1.40141752e-02, 5.11436863e-03, 3.62435565e-03, 3.34246131e-03,
       1.40947159e-02, 3.06056696e-03, 1.16382083e-02, 2.89948448e-03,
       4.26868536e-03, 6.52384013e-03, 4.83247405e-03, 2.08601803e-02,
       8.41655862e-03, 4.18814411e-03, 6.32248679e-03, 5.35599189e-03,
       2.89948448e-03, 2.69813137e-03, 4.06733248e-03, 1.49001286e-03,
       3.70489690e-03, 1.65109534e-03, 4.34922660e-03, 2.77867261e-03,
       3.26192006e-03, 5.55734523e-03, 3.50354379e-03, 5.03382739e-03,
       2.49677827e-03, 3.06056696e-03, 3.30219069e-03, 4.02706163e-03,
       5.63788647e-03, 2.21488392e-03, 2.41623702e-03, 1.73163658e-03,
       6.12113392e-03, 3.02029634e-03, 3.34246131e-03, 3.58408503e-03,
       1.10341487e-02, 2.69813137e-03, 9.94684268e-03, 4.47003869e-03,
       1.49001286e-03, 4.30895621e-03, 7.93331116e-03, 1.63498707e-02,
       6.04059268e-03, 3.30219069e-03, 1.81217783e-03, 6.12113392e-03,
       5.07409777e-03, 2.05380144e-03, 2.37596640e-03, 2.81894323e-03,
       2.53704889e-03, 1.93298957e-03, 3.54381441e-03, 2.29542516e-03,
       5.87951019e-03, 8.89980607e-03, 4.55057994e-03, 3.54381441e-03,
       5.27545065e-03, 1.26047032e-02, 2.57731951e-03, 5.75869810e-03,
       2.01353082e-03, 2.57731951e-03, 5.03382739e-03, 5.67815686e-03,
       2.69813137e-03, 3.70489690e-03, 3.10083758e-03, 7.73195829e-03,
       2.98002572e-03, 5.35599189e-03, 2.69813137e-03, 7.81249953e-03,
       7.81249953e-03, 2.57731951e-03, 4.34922660e-03, 3.18137882e-03,
       1.57055410e-03 ]
