%YAML:1.0
mandawa-19mar44: !!opencv-matrix
   rows: 1
   cols: 200
   dt: f
   data: [ 2.78760260e-03, 2.02026255e-02, 9.38193128e-03,
       2.90749967e-03, 3.89664900e-03, 3.65685509e-03, 4.04652022e-03,
       3.83670046e-03, 8.69252440e-03, 4.76590125e-03, 3.14729335e-03,
       2.30801501e-03, 1.49571374e-02, 4.16641682e-03, 3.32713872e-03,
       1.91835023e-03, 1.44475754e-02, 3.23721603e-03, 8.54265317e-03,
       8.90234392e-03, 2.57778307e-03, 1.28589412e-02, 3.50698410e-03,
       5.60517935e-03, 4.79587540e-03, 1.32486066e-02, 2.33798940e-03,
       5.27546322e-03, 2.27804086e-03, 5.48528275e-03, 3.20724188e-03,
       3.65685509e-03, 3.62688093e-03, 1.08206943e-02, 5.06564369e-03,
       3.83670046e-03, 4.49613342e-03, 2.72765430e-03, 1.20196631e-02,
       3.92662315e-03, 3.83670046e-03, 4.46615927e-03, 2.93747382e-03,
       5.36538567e-03, 2.87752529e-03, 3.17726750e-03, 3.74677777e-03,
       4.01654560e-03, 4.97572077e-03, 4.07649437e-03, 3.44703556e-03,
       2.45788624e-03, 2.72765430e-03, 3.44703556e-03, 1.93333738e-02,
       1.05509264e-02, 3.68682924e-03, 3.44703556e-03, 2.75762845e-03,
       1.16299987e-02, 6.29458670e-03, 8.24291073e-03, 9.56177711e-03,
       1.06708230e-02, 4.55608172e-03, 2.03824718e-03, 2.63773161e-03,
       5.06564369e-03, 4.31628805e-03, 3.14729335e-03, 4.97572077e-03,
       2.27804086e-03, 2.24806671e-03, 3.32713872e-03, 2.81757698e-03,
       3.50698410e-03, 2.84755114e-03, 6.86409697e-03, 7.52352970e-03,
       4.19639098e-03, 2.51783477e-03, 4.22636513e-03, 5.45530859e-03,
       5.90492180e-03, 4.28631390e-03, 4.10646852e-03, 2.36796355e-03,
       5.72507642e-03, 2.42791208e-03, 3.77675192e-03, 6.62430329e-03,
       3.68682924e-03, 1.40579101e-02, 4.52610757e-03, 2.87752529e-03,
       2.24806671e-03, 3.50698410e-03, 4.70595295e-03, 2.21809256e-03,
       6.92404527e-03, 2.24806671e-03, 3.86667461e-03, 2.15814402e-03,
       2.18811817e-03, 3.41706141e-03, 4.76590125e-03, 1.08206943e-02,
       1.22594573e-02, 2.21809256e-03, 3.17726750e-03, 4.28631390e-03,
       8.63257609e-03, 2.66770576e-03, 7.28373602e-03, 7.61345262e-03,
       3.41706141e-03, 3.86667461e-03, 4.19639098e-03, 4.28631390e-03,
       2.60775746e-03, 3.05737066e-03, 7.58347847e-03, 2.90749967e-03,
       3.65685509e-03, 1.12403333e-02, 5.00569493e-03, 1.94832450e-03,
       5.60517935e-03, 5.03566954e-03, 5.54523105e-03, 3.17726750e-03,
       2.93747382e-03, 5.81499934e-03, 5.39535983e-03, 5.99484425e-03,
       2.69767991e-03, 3.56693240e-03, 3.50698410e-03, 2.36796355e-03,
       3.35711287e-03, 5.21551492e-03, 2.78760260e-03, 6.50440622e-03,
       4.46615927e-03, 2.42791208e-03, 3.38708702e-03, 5.39535983e-03,
       4.55608172e-03, 2.21809256e-03, 3.62688093e-03, 1.60661824e-02,
       6.89407112e-03, 2.66770576e-03, 3.53695825e-03, 4.19639098e-03,
       2.99742213e-03, 4.13644267e-03, 4.91577247e-03, 6.53438037e-03,
       6.14471547e-03, 5.51525690e-03, 2.81757698e-03, 4.01654560e-03,
       4.46615927e-03, 3.02739651e-03, 5.87494764e-03, 3.86667461e-03,
       4.70595295e-03, 5.15556615e-03, 4.88579832e-03, 3.29716457e-03,
       8.03309120e-03, 1.57964155e-02, 7.25376187e-03, 2.96744797e-03,
       5.24548907e-03, 4.61603003e-03, 4.25633974e-03, 4.82585002e-03,
       4.79587540e-03, 2.42791208e-03, 3.80672631e-03, 3.71680362e-03,
       3.98657145e-03, 2.00827280e-03, 1.49871106e-03, 3.65685509e-03,
       5.93489595e-03, 7.31371017e-03, 2.63773161e-03, 3.83670046e-03,
       1.88837596e-03, 3.32713872e-03, 3.26719019e-03, 1.88837596e-03,
       4.88579832e-03, 2.51783477e-03, 1.08206943e-02, 3.47700971e-03,
       3.89664900e-03 ]
