%YAML:1.0
mandawa-19mar34_31: !!opencv-matrix
   rows: 1
   cols: 200
   dt: f
   data: [ 2.33147503e-03, 5.16979257e-03, 1.13870595e-02,
       4.49400255e-03, 3.41273868e-03, 3.68305459e-03, 2.66936980e-03,
       2.77073844e-03, 7.39989895e-03, 4.73052915e-03, 3.04105435e-03,
       1.82463264e-03, 5.47389779e-03, 3.91958095e-03, 2.23010662e-03,
       3.34515981e-03, 8.51495191e-03, 1.10491645e-02, 3.21000186e-03,
       3.07484390e-03, 2.06115912e-03, 4.08852845e-03, 4.22368664e-03,
       2.66936980e-03, 2.77073844e-03, 5.57526620e-03, 2.19631707e-03,
       3.21000186e-03, 2.43284344e-03, 3.98716005e-03, 3.61547573e-03,
       4.22368664e-03, 2.93968595e-03, 4.39263415e-03, 6.69031963e-03,
       5.98074030e-03, 3.34515981e-03, 3.00726481e-03, 3.48031777e-03,
       2.19631707e-03, 4.02094983e-03, 2.23010662e-03, 3.61547573e-03,
       3.14242276e-03, 3.91958095e-03, 1.92600104e-03, 7.06200395e-03,
       6.65652985e-03, 3.78442323e-03, 1.82463264e-03, 2.66936980e-03,
       3.27758072e-03, 2.15914864e-02, 4.83189756e-03, 6.69031963e-03,
       9.79895331e-03, 2.56800139e-03, 3.78442323e-03, 2.46663298e-03,
       4.79810778e-03, 2.39905389e-03, 3.54789663e-03, 1.54417977e-02,
       2.11522225e-02, 4.39601317e-02, 7.33231986e-03, 3.04105435e-03,
       1.25021127e-03, 1.89221161e-03, 3.07484390e-03, 4.12231823e-03,
       9.63000581e-03, 3.54789663e-03, 5.60905598e-03, 3.48031777e-03,
       2.70315935e-03, 1.75705366e-03, 6.48758281e-03, 3.07484390e-03,
       3.81821278e-03, 2.90589640e-03, 1.18939010e-02, 7.43368827e-03,
       6.21726643e-03, 4.15610755e-03, 2.36526458e-03, 2.23010662e-03,
       9.49484762e-03, 2.02736957e-03, 6.69031963e-03, 8.51495191e-03,
       2.80452799e-03, 4.62916028e-03, 3.51410732e-03, 4.42642346e-03,
       3.81821278e-03, 5.94695052e-03, 4.59537096e-03, 3.44652822e-03,
       4.18989686e-03, 2.43284344e-03, 4.08852845e-03, 2.80452799e-03,
       3.54789663e-03, 8.85284692e-03, 4.02094983e-03, 9.15695261e-03,
       4.08852845e-03, 3.68305459e-03, 3.00726481e-03, 3.78442323e-03,
       7.97432009e-03, 4.46021324e-03, 4.25747596e-03, 6.69031963e-03,
       3.14242276e-03, 1.31441122e-02, 4.25747596e-03, 2.77073844e-03,
       2.83831730e-03, 3.04105435e-03, 2.23010648e-02, 4.86568687e-03,
       4.69673937e-03, 1.17925331e-02, 7.67021487e-03, 3.98716005e-03,
       9.29211080e-03, 2.90589640e-03, 9.63000581e-03, 2.60179094e-03,
       4.08852845e-03, 4.22368664e-03, 3.04105435e-03, 2.77073844e-03,
       3.58168618e-03, 3.51410732e-03, 2.23010662e-03, 2.60179094e-03,
       8.14326759e-03, 3.04105435e-03, 2.77073844e-03, 3.68305459e-03,
       4.83189756e-03, 5.64284530e-03, 2.16252753e-03, 3.41273868e-03,
       2.83831730e-03, 3.14242276e-03, 2.50042253e-03, 2.14901175e-02,
       3.75063368e-03, 4.62916028e-03, 8.31221510e-03, 3.21000186e-03,
       3.48031777e-03, 2.97347526e-03, 3.64926527e-03, 3.27758072e-03,
       1.24345329e-02, 5.87937189e-03, 3.51410732e-03, 4.49400255e-03,
       3.37894936e-03, 3.14242276e-03, 5.60905598e-03, 2.02736957e-03,
       2.83831730e-03, 4.66295006e-03, 4.02094983e-03, 3.17621231e-03,
       5.50768711e-03, 7.26474077e-03, 1.10491645e-02, 2.90589640e-03,
       1.95979048e-03, 2.83831730e-03, 3.48031777e-03, 5.16979257e-03,
       3.37894936e-03, 5.74421370e-03, 3.51410732e-03, 3.21000186e-03,
       3.85200209e-03, 4.93326597e-03, 1.95979048e-03, 4.73052915e-03,
       3.41273868e-03, 3.07484390e-03, 3.44652822e-03, 3.71684413e-03,
       4.56158165e-03, 4.18989686e-03, 5.81179280e-03, 3.85200209e-03,
       2.97347526e-03, 5.77800302e-03, 4.69673937e-03, 3.58168618e-03,
       3.34515981e-03 ]
