%YAML:1.0
mandawa059: !!opencv-matrix
   rows: 1
   cols: 200
   dt: f
   data: [ 2.89629051e-03, 3.00768623e-03, 5.94110880e-03,
       1.11395791e-02, 4.38156771e-03, 3.37900547e-03, 8.91166274e-03,
       3.26760975e-03, 4.19590808e-03, 2.93342234e-03, 9.20871831e-03,
       3.86172067e-03, 6.42382354e-03, 9.43151023e-03, 2.72919685e-02,
       1.29961758e-03, 4.38156771e-03, 4.56722733e-03, 6.64661545e-03,
       3.23047792e-03, 2.85915844e-03, 1.85659644e-03, 3.82458861e-03,
       1.23649323e-02, 2.67349882e-03, 3.41613754e-03, 3.89885250e-03,
       1.60038620e-02, 4.45583137e-03, 2.78489478e-03, 7.31499027e-03,
       1.85659644e-03, 4.86428291e-03, 2.93342234e-03, 4.97567840e-03,
       7.24072615e-03, 4.27017175e-03, 1.18822174e-03, 2.48783920e-03,
       7.98336510e-03, 2.93342234e-03, 2.59923516e-03, 2.33931164e-03,
       2.00512423e-03, 3.78745678e-03, 2.48783920e-03, 2.93342234e-03,
       2.71063088e-03, 3.45326937e-03, 5.23560215e-03, 7.64917722e-03,
       3.93598434e-03, 4.56722733e-03, 3.30474181e-03, 4.20704745e-02,
       8.87453090e-03, 4.71575512e-03, 2.58438233e-02, 3.30474181e-03,
       1.31818345e-02, 4.27017175e-03, 2.71063088e-03, 3.11908196e-03,
       4.97567840e-03, 4.75288695e-03, 1.70806877e-03, 4.30730358e-03,
       4.23303992e-03, 2.48783920e-03, 2.89629051e-03, 3.86172067e-03,
       3.23047792e-03, 5.60692139e-03, 3.26760975e-03, 4.34443587e-03,
       2.89629051e-03, 2.11651996e-03, 2.63636699e-03, 4.34443587e-03,
       3.04481830e-03, 2.63636699e-03, 4.12164396e-03, 4.38156771e-03,
       7.64917722e-03, 4.08451213e-03, 5.30986581e-03, 9.32011381e-03,
       3.45326937e-03, 9.28298198e-03, 3.19334585e-03, 1.33674941e-03,
       6.12676842e-03, 3.86172067e-03, 3.45326937e-03, 5.16133802e-03,
       2.15365179e-03, 5.79258101e-03, 3.63892899e-03, 1.23278005e-02,
       1.26248563e-03, 4.08451213e-03, 2.67349882e-03, 6.23816391e-03,
       1.33674941e-03, 4.60435916e-03, 5.19847032e-03, 2.41357530e-03,
       3.41613754e-03, 3.08195013e-03, 5.56978956e-03, 6.60948362e-03,
       1.85659644e-03, 1.81946449e-03, 2.85915844e-03, 3.45326937e-03,
       3.26760975e-03, 4.15877625e-03, 5.60692139e-03, 3.52753326e-03,
       4.41869954e-03, 2.37644347e-03, 2.30217958e-03, 5.12420619e-03,
       5.86684467e-03, 6.90653874e-03, 4.15877625e-03, 6.72087912e-03,
       3.75032495e-03, 3.37900547e-03, 7.61204539e-03, 5.38412994e-03,
       2.71063088e-03, 2.15365179e-03, 5.86684467e-03, 2.97055440e-03,
       4.23303992e-03, 2.63636699e-03, 4.15877625e-03, 9.24585015e-03,
       5.16133802e-03, 5.90397697e-03, 5.23560215e-03, 8.28042068e-03,
       3.29731517e-02, 3.19334585e-03, 4.27017175e-03, 2.85915844e-03,
       4.56722733e-03, 4.75288695e-03, 4.64149099e-03, 3.37900547e-03,
       4.53009550e-03, 8.42894800e-03, 1.89372839e-03, 4.01024846e-03,
       3.86172067e-03, 4.79001878e-03, 2.33931164e-03, 3.93598434e-03,
       7.16646248e-03, 5.34699764e-03, 3.67606105e-03, 2.63636699e-03,
       3.26760975e-03, 3.26760975e-03, 1.07682599e-02, 4.08451213e-03,
       2.85915844e-03, 3.41613754e-03, 2.85915844e-03, 3.71319288e-03,
       2.41357530e-03, 4.82715061e-03, 4.04738029e-03, 3.78745678e-03,
       1.04340725e-02, 3.49040143e-03, 2.00512423e-03, 4.15877625e-03,
       4.49296366e-03, 5.42126177e-03, 5.34699764e-03, 3.67606105e-03,
       3.86172067e-03, 3.86172067e-03, 4.56722733e-03, 3.08195013e-03,
       5.16133802e-03, 3.63892899e-03, 4.15877625e-03, 2.41357530e-03,
       3.71319288e-03, 3.26760975e-03, 5.53265726e-03, 2.37644347e-03,
       2.00512423e-03, 9.17158648e-03, 3.78745678e-03, 3.75032495e-03,
       2.78489478e-03 ]
