%YAML:1.0
mandawa-19mar33_22: !!opencv-matrix
   rows: 1
   cols: 200
   dt: f
   data: [ 4.08105133e-03, 5.55212796e-03, 7.92483240e-03,
       2.75233714e-03, 2.37270445e-03, 3.55905644e-03, 4.65050060e-03,
       2.37270445e-03, 5.36231184e-03, 9.15863831e-03, 4.27086791e-03,
       6.88084261e-03, 2.65268348e-02, 4.17595962e-03, 6.88084261e-03,
       3.27433203e-03, 3.41669424e-03, 8.30446556e-03, 2.32525030e-03,
       5.26740355e-03, 2.36795899e-02, 4.31832206e-03, 2.46761250e-03,
       6.02666894e-03, 2.32525030e-03, 2.94215325e-03, 1.80325529e-03,
       2.08797981e-03, 1.85070932e-03, 1.83647312e-02, 1.44260423e-02,
       4.88777086e-03, 3.22687789e-03, 3.46414838e-03, 2.75233714e-03,
       3.36924009e-03, 3.55905644e-03, 2.13543396e-03, 3.93868936e-03,
       1.32871438e-02, 3.65396473e-03, 2.60997470e-03, 2.70488299e-03,
       7.97228701e-03, 3.08451569e-03, 1.72732882e-02, 3.17942374e-03,
       2.51506665e-03, 3.89123522e-03, 2.84724520e-03, 9.96535877e-04,
       3.03706154e-03, 2.51506665e-03, 3.98614351e-03, 3.36924009e-03,
       6.31139334e-03, 5.17249526e-03, 4.50813817e-03, 2.79979105e-03,
       6.31139334e-03, 4.41322988e-03, 3.93868936e-03, 2.89469934e-03,
       5.17249526e-03, 6.97575090e-03, 3.32178595e-03, 2.94215325e-03,
       4.50813817e-03, 3.65396473e-03, 5.07758744e-03, 2.70488299e-03,
       2.94215325e-03, 6.40630163e-03, 2.23034201e-03, 3.70141864e-03,
       3.51160252e-03, 3.17942374e-03, 3.32178595e-03, 2.51506665e-03,
       5.97921479e-03, 2.23034201e-03, 8.16210266e-03, 2.89469934e-03,
       2.56252056e-03, 9.01627634e-03, 1.09144403e-02, 2.27779616e-03,
       7.07065873e-03, 3.51160252e-03, 2.60997470e-03, 2.65742885e-03,
       3.08451569e-03, 1.99307175e-03, 4.65050060e-03, 4.31832206e-03,
       9.20609292e-03, 5.21994941e-03, 1.70834712e-03, 2.60997470e-03,
       9.91790369e-03, 5.64703625e-03, 2.04052567e-03, 1.52327614e-02,
       2.98960740e-03, 2.79979105e-03, 2.32525030e-03, 6.07412308e-03,
       4.88777086e-03, 3.22687789e-03, 4.08105133e-03, 4.22341377e-03,
       4.50813817e-03, 3.79632693e-03, 5.12504112e-03, 4.74540889e-03,
       3.55905644e-03, 3.60651058e-03, 8.25701095e-03, 2.70488299e-03,
       5.07758744e-03, 1.70834712e-03, 4.50813817e-03, 7.07065873e-03,
       6.31139334e-03, 2.94215325e-03, 4.98267915e-03, 3.22687789e-03,
       9.91790369e-03, 2.18288787e-03, 3.79632693e-03, 4.65050060e-03,
       7.87737872e-03, 2.75233714e-03, 3.98614351e-03, 2.42015836e-03,
       6.59611821e-03, 4.55559231e-03, 3.84378107e-03, 3.98614351e-03,
       5.03013330e-03, 4.41322988e-03, 2.27779616e-03, 2.18288787e-03,
       4.60304646e-03, 2.98960740e-03, 5.26740355e-03, 3.22687789e-03,
       4.74540889e-03, 3.70141864e-03, 4.84031672e-03, 2.89469934e-03,
       1.47582209e-02, 5.26740355e-03, 2.70488299e-03, 5.93176065e-03,
       3.36924009e-03, 1.99307175e-03, 2.81402729e-02, 1.32396901e-02,
       2.94215325e-03, 5.69449039e-03, 3.36924009e-03, 9.15863831e-03,
       4.88777086e-03, 3.32178595e-03, 3.89123522e-03, 3.17942374e-03,
       7.30792945e-03, 1.11517105e-02, 2.84724520e-03, 2.08797981e-03,
       4.36577573e-03, 2.08797981e-03, 3.89123522e-03, 1.70834712e-03,
       4.22341377e-03, 1.21007925e-02, 4.31832206e-03, 1.13889808e-03,
       3.32178595e-03, 5.03013330e-03, 4.27086791e-03, 2.65742885e-03,
       3.46414838e-03, 6.83338847e-03, 5.83685283e-03, 4.60304646e-03,
       5.07758744e-03, 5.07758744e-03, 1.56598492e-03, 5.64703625e-03,
       3.70141864e-03, 2.98960740e-03, 2.84724520e-03, 6.73848018e-03,
       5.78939868e-03, 3.74887278e-03, 9.53827146e-03, 6.73848018e-03,
       2.27779616e-03 ]
