%YAML:1.0
mandawa-19mar29_2: !!opencv-matrix
   rows: 1
   cols: 200
   dt: f
   data: [ 2.62017548e-03, 1.18915653e-02, 4.63569490e-03,
       4.73647099e-03, 6.75199041e-03, 4.13181493e-03, 3.93026322e-03,
       5.44190267e-03, 7.45742256e-03, 2.62017548e-03, 4.33336711e-03,
       8.56595859e-03, 2.41862354e-03, 3.22483131e-03, 4.43414319e-03,
       3.12405522e-03, 6.85276650e-03, 1.10853575e-02, 1.61241565e-03,
       1.00775983e-03, 3.42638325e-03, 3.62793519e-03, 3.82948713e-03,
       2.51939939e-03, 1.10853580e-03, 1.71319162e-03, 4.93802316e-03,
       3.12405522e-03, 1.81396760e-03, 3.22483131e-03, 4.13181493e-03,
       1.73334684e-02, 7.15509430e-03, 3.32560739e-03, 4.03103931e-03,
       3.93026322e-03, 1.20931177e-03, 5.54267876e-03, 2.62017548e-03,
       2.01551965e-03, 2.92250328e-03, 3.22483131e-03, 1.71319162e-03,
       4.63569490e-03, 2.72095134e-03, 9.17061418e-03, 4.33336711e-03,
       1.22946696e-02, 2.72095134e-03, 3.12405522e-03, 5.34112705e-03,
       4.13181493e-03, 1.23954453e-02, 1.79381240e-02, 5.13957487e-03,
       2.51939939e-03, 4.53491881e-03, 3.12405522e-03, 4.33336711e-03,
       2.92250328e-03, 3.52715934e-03, 4.23259102e-03, 1.92482118e-02,
       2.43877862e-02, 2.22714916e-02, 8.56595859e-03, 8.26362986e-03,
       1.91474357e-03, 4.03103931e-03, 3.72871128e-03, 5.44190267e-03,
       5.74423093e-03, 8.66673421e-03, 4.83724708e-03, 5.13957487e-03,
       2.01551965e-03, 5.84500656e-03, 6.75199041e-03, 2.11629551e-03,
       4.73647099e-03, 2.01551965e-03, 6.75199041e-03, 2.01551965e-03,
       2.72095134e-03, 2.82172742e-03, 4.93802316e-03, 2.92250328e-03,
       2.72095134e-03, 1.91474357e-03, 9.06983763e-03, 8.46518204e-03,
       3.02327937e-03, 2.21707160e-03, 2.82172742e-03, 4.13181493e-03,
       5.24035096e-03, 3.22483131e-03, 1.95505396e-02, 2.41862354e-03,
       1.61241565e-03, 6.95354259e-03, 3.02327937e-03, 3.72871128e-03,
       2.51939939e-03, 6.04655873e-03, 2.21707160e-03, 1.53179485e-02,
       2.41862354e-03, 1.09845819e-02, 4.43414319e-03, 2.01551965e-03,
       1.05814775e-02, 4.43414319e-03, 8.06207827e-04, 7.75975036e-03,
       2.41862354e-03, 1.16900131e-02, 1.81396760e-03, 2.51939939e-03,
       4.03103913e-04, 3.62793519e-03, 2.42870115e-02, 1.08838053e-02,
       3.22483131e-03, 7.25587038e-03, 2.01551965e-03, 1.02791497e-02,
       4.03103931e-03, 4.53491881e-03, 2.11629551e-03, 3.52715934e-03,
       4.23259102e-03, 4.13181493e-03, 2.11629551e-03, 2.82172742e-03,
       2.41862354e-03, 2.41862354e-03, 5.03879879e-03, 3.32560739e-03,
       1.04807019e-02, 1.51163968e-03, 4.83724708e-03, 4.73647099e-03,
       1.55195007e-02, 5.64345485e-03, 2.82172742e-03, 3.22483131e-03,
       3.22483131e-03, 4.73647099e-03, 2.72095134e-03, 9.37216636e-03,
       1.20931177e-03, 4.53491881e-03, 5.54267876e-03, 3.52715934e-03,
       3.12405522e-03, 4.33336711e-03, 3.52715934e-03, 2.21707160e-03,
       2.62017548e-03, 3.22483131e-03, 5.54267876e-03, 2.72095134e-03,
       5.94578264e-03, 2.72095134e-03, 7.15509430e-03, 1.31008774e-03,
       2.72095134e-03, 4.33336711e-03, 3.62793519e-03, 2.11629551e-03,
       6.55043870e-03, 1.35039808e-02, 3.32560739e-03, 9.77526978e-03,
       4.63569490e-03, 3.22483131e-03, 3.93026322e-03, 2.31784745e-03,
       1.10853580e-03, 4.83724708e-03, 3.72871128e-03, 3.22483131e-03,
       3.93026322e-03, 2.01551965e-03, 1.22946696e-02, 1.00775983e-03,
       1.41086371e-03, 3.22483131e-03, 3.93026322e-03, 1.71319162e-03,
       3.93026322e-03, 2.31784745e-03, 3.82948713e-03, 5.94578264e-03,
       1.61241565e-03, 6.55043870e-03, 3.22483131e-03, 3.02327937e-03,
       1.81396760e-03 ]
