%YAML:1.0
mandawa-19mar37: !!opencv-matrix
   rows: 1
   cols: 200
   dt: f
   data: [ 3.06881056e-03, 4.88416338e-03, 2.42047035e-03,
       6.50501391e-03, 8.81742779e-03, 3.93326441e-03, 6.20245514e-03,
       6.91562938e-03, 7.47752422e-03, 2.09630025e-03, 3.00397654e-03,
       5.53250359e-03, 1.34422546e-02, 2.50691571e-03, 5.40283555e-03,
       3.58748273e-03, 4.36549122e-03, 6.74273865e-03, 3.52264871e-03,
       3.06881056e-03, 6.50501391e-03, 3.71715077e-03, 2.93914252e-03,
       4.45193658e-03, 3.95487575e-03, 7.62880361e-03, 4.36549122e-03,
       3.17686726e-03, 1.90179807e-03, 3.41459201e-03, 4.55999328e-03,
       3.93326441e-03, 5.55411493e-03, 2.24757963e-03, 3.11203324e-03,
       1.14540115e-03, 1.51279394e-03, 7.13174290e-04, 3.93326441e-03,
       7.82330614e-03, 3.04719922e-03, 6.87240670e-03, 3.26331262e-03,
       7.11013144e-03, 4.36549122e-03, 7.41269020e-03, 6.46179123e-03,
       8.94709583e-03, 6.82918401e-03, 2.33402499e-03, 4.49515926e-03,
       5.18672226e-04, 2.08981670e-02, 4.90577472e-03, 3.26331262e-03,
       5.44605823e-03, 7.71524897e-03, 9.50899033e-04, 7.56396959e-03,
       4.43032524e-03, 2.15248968e-02, 6.78596133e-03, 4.21421183e-03,
       6.65629329e-03, 2.49178782e-02, 2.59336107e-03, 4.62482730e-03,
       2.54365504e-02, 5.48928091e-03, 5.29477885e-03, 3.52264871e-03,
       6.05117576e-03, 6.93724072e-03, 5.61894907e-04, 3.17686726e-03,
       2.72302912e-03, 2.33402499e-03, 1.98824354e-03, 4.68966132e-03,
       3.04719922e-03, 7.99619686e-03, 6.15923246e-03, 2.63658375e-03,
       2.37724767e-03, 2.98236520e-03, 7.13174278e-03, 3.71715077e-03,
       1.70729600e-03, 3.50103737e-03, 2.52420474e-02, 3.84681881e-03,
       1.42634858e-03, 4.06293245e-03, 2.96075386e-03, 4.88416338e-03,
       3.04719922e-03, 1.12378981e-03, 8.75259377e-03, 1.72890734e-03,
       9.74671543e-03, 4.10615513e-03, 3.15525592e-03, 5.35961287e-03,
       2.20435695e-03, 1.16701247e-02, 3.28492397e-03, 6.74273865e-03,
       4.04132111e-03, 4.17098915e-03, 2.00985488e-03, 2.29080231e-03,
       2.65819510e-03, 2.74464046e-03, 2.70141778e-03, 4.86255204e-03,
       3.41459201e-03, 6.52662525e-03, 1.01573311e-03, 6.91562938e-03,
       1.51279394e-03, 3.45781469e-03, 9.09837522e-03, 7.47752422e-03,
       1.45660443e-02, 2.24757963e-03, 2.46369303e-03, 3.91165307e-03,
       1.38312590e-03, 8.70937109e-03, 1.38312590e-03, 5.66217164e-03,
       4.58160462e-03, 9.40093398e-03, 5.83506236e-03, 4.25743451e-03,
       3.67392809e-03, 6.05117588e-04, 5.14349947e-03, 7.60719227e-03,
       1.01141082e-02, 2.76625180e-03, 5.01383143e-03, 6.74273865e-03,
       3.91165307e-03, 3.26331262e-03, 1.38312590e-03, 3.04719922e-03,
       4.49515926e-03, 4.49515926e-03, 5.18672215e-03, 1.24049103e-02,
       2.52852705e-03, 3.45781469e-03, 6.26728917e-03, 3.00397654e-03,
       2.55013839e-03, 1.79374136e-03, 2.65819510e-03, 4.32226853e-03,
       1.46957126e-03, 2.29080231e-03, 9.94121772e-04, 4.40871390e-03,
       2.22596829e-03, 5.27316751e-03, 2.50259340e-02, 2.87430850e-03,
       6.74273865e-03, 2.16113427e-03, 3.93326441e-03, 4.62482730e-03,
       6.87240670e-03, 4.55999328e-03, 1.36151456e-03, 7.90975150e-03,
       3.41459201e-03, 6.91562938e-03, 4.17098915e-03, 4.38710256e-03,
       1.70729600e-03, 5.44605823e-03, 2.61497241e-03, 7.15335412e-03,
       5.20833349e-03, 2.59336107e-03, 5.85667370e-03, 1.10217847e-03,
       2.76625180e-03, 8.57970305e-03, 3.99809843e-03, 3.63070541e-03,
       4.81932936e-03, 1.08056713e-03, 6.26728928e-04, 2.29080231e-03,
       4.73288400e-03, 3.32814665e-03, 2.96075386e-03, 6.09439844e-03,
       5.01383143e-03 ]
