%YAML:1.0
mandawa-19mar37_2: !!opencv-matrix
   rows: 1
   cols: 200
   dt: f
   data: [ 2.46258755e-03, 8.33491236e-03, 5.30403480e-03,
       3.59916664e-03, 2.08372809e-03, 6.06175419e-03, 4.16745618e-03,
       8.14548228e-03, 5.68289426e-04, 3.22030694e-03, 5.87232457e-03,
       1.34495171e-02, 7.57719297e-03, 6.06175419e-03, 6.44061388e-03,
       6.44061388e-03, 3.22030694e-03, 5.49346488e-03, 4.54631541e-03,
       2.08372809e-03, 1.21235084e-02, 3.59916664e-03, 4.92517510e-03,
       1.89429824e-03, 5.68289426e-04, 1.70486839e-03, 3.40973679e-03,
       1.00397803e-02, 2.46258755e-03, 1.70486830e-02, 2.89827622e-02,
       3.59916664e-03, 6.25118380e-03, 4.35688579e-03, 2.65201740e-03,
       2.65201740e-03, 3.97802610e-03, 2.46258755e-03, 4.35688579e-03,
       3.23924981e-02, 4.35688579e-03, 2.08372809e-03, 4.73574549e-03,
       6.81947358e-03, 1.51543855e-03, 2.61413157e-02, 1.13657885e-03,
       2.65201740e-03, 7.00890319e-03, 1.70486839e-03, 7.57719274e-04,
       4.92517510e-03, 7.19833327e-03, 4.73574549e-03, 3.59916664e-03,
       1.00397803e-02, 7.57719297e-03, 3.59916664e-03, 1.70486839e-03,
       3.78859648e-03, 6.06175419e-03, 1.13657885e-03, 2.08372809e-03,
       9.85035021e-03, 3.03087709e-03, 2.84144725e-03, 3.03087709e-03,
       3.03087709e-03, 3.03087709e-03, 4.92517510e-03, 1.70486839e-03,
       7.19833327e-03, 4.16745618e-03, 3.03087709e-03, 3.22030694e-03,
       6.81947358e-03, 7.38776289e-03, 6.81947358e-03, 2.84144725e-03,
       4.16745618e-03, 5.49346488e-03, 6.25118380e-03, 2.27315770e-03,
       3.22030694e-03, 2.27315770e-03, 7.38776289e-03, 3.78859648e-03,
       1.85641218e-02, 3.97802610e-03, 2.46258755e-03, 3.22030694e-03,
       3.59916664e-03, 2.65201740e-03, 3.03087709e-03, 3.78859648e-03,
       3.78859648e-03, 3.22030694e-03, 3.40973679e-03, 2.46258755e-03,
       9.85035021e-03, 3.78859648e-03, 4.16745618e-03, 5.49346488e-03,
       2.65201740e-03, 1.51543855e-03, 2.08372809e-03, 3.22030694e-03,
       3.40973679e-03, 3.03087709e-03, 3.03087709e-03, 3.59916664e-03,
       3.03087709e-03, 7.38776289e-03, 2.65201740e-03, 3.03087709e-03,
       8.33491236e-03, 3.59916664e-03, 2.84144725e-03, 2.27315770e-03,
       6.63004350e-03, 2.08372809e-03, 5.68289449e-03, 5.87232457e-03,
       1.13657885e-03, 5.68289426e-04, 3.22030694e-03, 8.90320167e-03,
       1.07974997e-02, 1.89429824e-03, 4.92517510e-03, 1.51543855e-03,
       2.65201740e-03, 3.40973679e-03, 4.73574549e-03, 1.40178064e-02,
       3.22030694e-03, 2.08372809e-03, 5.11460518e-03, 3.03087709e-03,
       7.76662258e-03, 2.27315770e-03, 1.89429824e-03, 3.03087709e-03,
       3.22030694e-03, 3.78859648e-03, 2.65201740e-03, 2.46258755e-03,
       2.08372809e-03, 2.27315770e-03, 4.92517510e-03, 7.76662258e-03,
       1.55332452e-02, 1.57226752e-02, 3.03087709e-03, 7.76662258e-03,
       2.27315770e-03, 2.46258755e-03, 5.30403480e-03, 2.06478499e-02,
       8.71377159e-03, 1.51543855e-03, 1.26917977e-02, 8.33491236e-03,
       6.25118380e-03, 3.22030694e-03, 3.59916664e-03, 4.16745618e-03,
       1.89429824e-03, 7.76662258e-03, 1.51543855e-03, 3.03087709e-03,
       6.63004350e-03, 4.92517510e-03, 2.84144725e-03, 5.30403480e-03,
       5.68289426e-04, 4.54631541e-03, 2.84144725e-03, 1.51543855e-03,
       6.81947358e-03, 3.59916664e-03, 7.00890319e-03, 1.89429824e-03,
       6.06175419e-03, 3.59916664e-03, 2.65201740e-03, 3.22030694e-03,
       1.70486839e-03, 2.46258755e-03, 5.49346488e-03, 3.78859648e-03,
       2.27315770e-03, 3.78859648e-03, 6.06175419e-03, 4.54631541e-03,
       2.08372809e-03, 2.65201740e-03, 8.71377159e-03, 2.65201740e-03,
       7.76662258e-03 ]
