%YAML:1.0
mandawa-19mar27_1: !!opencv-matrix
   rows: 1
   cols: 200
   dt: f
   data: [ 1.59926899e-03, 6.85400981e-03, 6.16860902e-03,
       3.35084926e-03, 7.23478803e-03, 6.93016546e-03, 4.34087310e-03,
       2.28467002e-03, 1.64496247e-02, 4.64549568e-03, 3.04622669e-03,
       5.02627390e-03, 9.97639261e-03, 3.19853798e-03, 6.09245338e-03,
       3.04622669e-03, 6.54938724e-03, 2.66544824e-03, 2.89391540e-03,
       2.28467002e-03, 2.36082566e-03, 1.98004721e-03, 7.92018883e-03,
       2.28467002e-03, 4.95011825e-03, 6.77785417e-03, 4.79780696e-03,
       2.36082566e-03, 2.74160388e-03, 2.58929259e-03, 9.13868006e-03,
       7.46325543e-03, 2.97007104e-03, 6.01629773e-03, 8.68174620e-03,
       5.55936340e-03, 1.37080194e-03, 5.33089647e-03, 1.52311334e-03,
       2.97007104e-03, 7.08247675e-03, 2.36082566e-03, 4.49318439e-03,
       3.57931620e-03, 3.27469362e-03, 2.05620308e-03, 2.28467002e-03,
       1.09664155e-02, 7.99634494e-03, 3.12238233e-03, 4.34087310e-03,
       3.88393900e-03, 4.87396261e-03, 8.75790138e-03, 4.95011825e-03,
       3.65547184e-03, 2.58929259e-03, 4.49318439e-03, 3.57931620e-03,
       2.89391540e-03, 4.56934003e-03, 2.97007104e-03, 2.30751671e-02,
       2.84060631e-02, 1.46980435e-02, 4.87396261e-03, 2.58929259e-03,
       2.81775952e-03, 2.58929259e-03, 2.28467002e-03, 2.28467002e-03,
       1.59926899e-03, 1.44695770e-03, 5.55936340e-03, 4.34087310e-03,
       9.90023604e-04, 3.73162772e-03, 1.30987745e-02, 2.74160388e-03,
       1.98004721e-03, 1.29464630e-03, 2.81775952e-03, 6.39707595e-03,
       2.05620308e-03, 1.44695770e-03, 3.42700491e-03, 6.32092031e-03,
       5.17858518e-03, 4.18856181e-03, 9.51945782e-03, 5.71167516e-03,
       2.36082566e-03, 3.73162772e-03, 3.12238233e-03, 1.98004721e-03,
       3.27469362e-03, 7.23478803e-03, 1.85819827e-02, 3.35084926e-03,
       4.79780696e-03, 5.02627390e-03, 3.73162772e-03, 2.43698130e-03,
       3.50316055e-03, 4.56934003e-03, 2.81775952e-03, 2.30751671e-02,
       1.67542463e-03, 2.28467002e-03, 3.65547184e-03, 2.13235873e-03,
       1.00525478e-02, 3.27469362e-03, 3.35084926e-03, 1.58403777e-02,
       5.78783080e-03, 1.44695770e-03, 6.85400981e-03, 4.87396261e-03,
       1.67542463e-03, 1.90389168e-03, 2.40651909e-02, 1.90389168e-03,
       1.19564394e-02, 1.05856378e-02, 5.94014209e-03, 2.97007104e-03,
       5.71167516e-03, 3.57931620e-03, 1.11187268e-02, 5.63551905e-03,
       4.34087310e-03, 3.57931620e-03, 2.05620308e-03, 4.34087310e-03,
       5.55936340e-03, 4.03625006e-03, 2.20851437e-03, 6.77785417e-03,
       5.10242954e-03, 1.37080194e-03, 2.97007104e-03, 2.66544824e-03,
       1.40887983e-02, 2.89391540e-03, 3.42700491e-03, 4.11240617e-03,
       1.98004721e-03, 5.63551905e-03, 3.50316055e-03, 2.71114167e-02,
       2.13235873e-03, 2.89391540e-03, 1.59926899e-03, 1.67542463e-03,
       5.40705211e-03, 3.04622669e-03, 1.67542463e-03, 4.11240617e-03,
       8.98636878e-03, 3.65547184e-03, 5.71167516e-03, 1.75158028e-03,
       2.43698130e-03, 1.59926899e-03, 6.93016546e-03, 3.35084926e-03,
       6.85400981e-03, 4.95011825e-03, 5.55936340e-03, 3.19853798e-03,
       5.25474083e-03, 9.36714653e-03, 1.05856378e-02, 2.13235873e-03,
       2.51313695e-03, 2.66544824e-03, 6.01629773e-03, 3.27469362e-03,
       4.03625006e-03, 2.13235873e-03, 4.26471746e-03, 5.40705211e-03,
       2.74160388e-03, 1.29464630e-03, 1.29464630e-03, 4.95011825e-03,
       1.14233501e-03, 4.49318439e-03, 3.57931620e-03, 4.26471746e-03,
       2.05620308e-03, 5.25474083e-03, 5.02627390e-03, 2.97007104e-03,
       5.55936340e-03, 2.51313695e-03, 1.37080194e-03, 2.20851437e-03,
       3.80778336e-03 ]
