%YAML:1.0
mandawa-19mar21_12: !!opencv-matrix
   rows: 1
   cols: 200
   dt: f
   data: [ 2.10443255e-03, 6.97093271e-03, 4.34039207e-03,
       3.41970287e-03, 1.70985144e-03, 2.89359479e-03, 6.97093271e-03,
       5.78718958e-03, 6.97093271e-03, 4.20886511e-03, 2.63054064e-03,
       3.15664895e-03, 2.36748671e-03, 6.70787878e-03, 4.99802735e-03,
       2.23595952e-03, 3.68275703e-03, 5.26108127e-03, 4.60344600e-03,
       4.60344600e-03, 5.39260823e-03, 3.81428399e-03, 3.55122983e-03,
       3.41970287e-03, 4.34039207e-03, 3.81428399e-03, 4.34039207e-03,
       2.63054064e-03, 2.63054064e-03, 5.39260823e-03, 1.97290559e-03,
       7.62856798e-03, 4.47191903e-03, 3.68275703e-03, 5.12955431e-03,
       4.47191903e-03, 4.86650039e-03, 1.84137851e-03, 3.41970287e-03,
       6.70787878e-03, 4.86650039e-03, 2.89359479e-03, 3.55122983e-03,
       3.41970287e-03, 3.55122983e-03, 4.99802735e-03, 4.86650039e-03,
       9.99605469e-03, 6.18177047e-03, 3.15664895e-03, 4.73497342e-03,
       4.60344600e-03, 6.18177047e-03, 7.36551406e-03, 4.99802735e-03,
       1.38103385e-02, 4.47191903e-03, 4.86650039e-03, 1.70985144e-03,
       5.26108127e-03, 1.10482713e-02, 4.07733815e-03, 1.03906356e-02,
       9.07536503e-03, 1.22320140e-02, 3.15664895e-03, 3.28817591e-03,
       1.60462987e-02, 3.02512175e-03, 5.65566262e-03, 4.47191903e-03,
       3.94581119e-03, 3.28817591e-03, 6.31329790e-03, 2.23595952e-03,
       2.76206783e-03, 3.81428399e-03, 9.33841988e-03, 3.15664895e-03,
       4.20886511e-03, 3.28817591e-03, 3.81428399e-03, 5.91871655e-03,
       8.02314933e-03, 3.15664895e-03, 5.26108127e-03, 2.63054064e-03,
       8.28620326e-03, 3.55122983e-03, 9.73300077e-03, 3.81428399e-03,
       3.94581119e-03, 4.99802735e-03, 3.94581119e-03, 3.41970287e-03,
       2.63054064e-03, 6.05024351e-03, 4.60344600e-03, 3.28817591e-03,
       3.28817591e-03, 4.07733815e-03, 2.36748671e-03, 2.10443255e-03,
       3.55122983e-03, 1.28896497e-02, 3.15664895e-03, 1.02591086e-02,
       2.89359479e-03, 2.49901367e-03, 1.31527032e-03, 4.99802735e-03,
       5.65566262e-03, 3.15664895e-03, 7.62856798e-03, 1.23635409e-02,
       3.02512175e-03, 5.26108127e-03, 4.60344600e-03, 8.94383807e-03,
       5.91871655e-03, 3.94581119e-03, 1.07852165e-02, 3.15664895e-03,
       1.39418654e-02, 6.31329790e-03, 5.39260823e-03, 2.36748671e-03,
       9.07536503e-03, 3.81428399e-03, 4.20886511e-03, 4.20886511e-03,
       2.89359479e-03, 1.55201899e-02, 2.63054064e-03, 2.63054064e-03,
       3.15664895e-03, 4.60344600e-03, 2.63054064e-03, 5.91871655e-03,
       8.02314933e-03, 3.55122983e-03, 4.86650039e-03, 4.34039207e-03,
       3.55122983e-03, 3.28817591e-03, 4.47191903e-03, 3.68275703e-03,
       3.15664895e-03, 3.41970287e-03, 6.97093271e-03, 2.47270819e-02,
       6.05024351e-03, 3.15664895e-03, 5.26108127e-03, 1.84137851e-03,
       4.34039207e-03, 3.68275703e-03, 3.02512175e-03, 2.89359479e-03,
       5.78718958e-03, 8.28620326e-03, 2.89359479e-03, 4.34039207e-03,
       3.28817591e-03, 4.47191903e-03, 1.11797983e-02, 3.41970287e-03,
       7.49704102e-03, 4.07733815e-03, 3.55122983e-03, 4.99802735e-03,
       5.39260823e-03, 9.33841988e-03, 8.68078414e-03, 5.26108127e-03,
       4.34039207e-03, 2.76206783e-03, 4.99802735e-03, 5.52413566e-03,
       4.60344600e-03, 2.63054064e-03, 3.15664895e-03, 4.47191903e-03,
       3.94581119e-03, 3.28817591e-03, 3.28817591e-03, 2.63054064e-03,
       2.36748671e-03, 1.10482713e-02, 3.02512175e-03, 4.73497342e-03,
       2.36748671e-03, 4.73497342e-03, 5.39260823e-03, 1.70985144e-03,
       3.68275703e-03, 3.68275703e-03, 3.55122983e-03, 3.02512175e-03,
       4.60344600e-03 ]
