%YAML:1.0
mandawa-19mar33_11: !!opencv-matrix
   rows: 1
   cols: 200
   dt: f
   data: [ 3.98768717e-03, 3.74282920e-03, 2.37162448e-02,
       5.17699728e-03, 3.18315369e-03, 2.69343774e-03, 3.46299144e-03,
       8.04533367e-04, 8.60500894e-03, 9.02476534e-03, 3.46299144e-03,
       5.59675391e-04, 5.66671323e-03, 2.51853932e-03, 1.85392471e-03,
       4.30250447e-03, 7.94039480e-03, 6.64614514e-03, 1.78396527e-03,
       1.18931022e-03, 2.86833639e-03, 3.04323505e-03, 3.56793054e-03,
       1.67902617e-03, 3.95270763e-03, 4.19756537e-03, 2.27368134e-03,
       1.64404651e-03, 1.39918854e-03, 2.65845819e-03, 3.63789010e-03,
       3.84776830e-03, 2.48355954e-03, 5.63173369e-03, 5.42185549e-03,
       8.53504986e-03, 1.81894505e-03, 5.28193638e-03, 1.32922910e-03,
       3.00825527e-03, 3.74282920e-03, 2.41360022e-03, 4.79222042e-03,
       3.49797122e-03, 2.76339729e-03, 1.64404651e-03, 5.91157144e-03,
       7.03092199e-03, 2.37862044e-03, 2.09878269e-03, 3.07821459e-03,
       3.46299144e-03, 1.87491253e-02, 5.38687548e-03, 7.17084110e-03,
       6.47124648e-03, 2.65845819e-03, 3.95270763e-03, 3.35805234e-03,
       4.58234223e-03, 3.49797122e-03, 2.16874224e-03, 3.80229466e-02,
       3.72533947e-02, 2.31565684e-02, 7.62557704e-03, 2.83335662e-03,
       2.09878269e-03, 1.95886381e-03, 2.90331617e-03, 2.02882336e-03,
       8.25521164e-03, 2.79837707e-03, 3.88274807e-03, 4.89715952e-03,
       1.67902617e-03, 2.20372179e-03, 9.82929859e-03, 3.04323505e-03,
       1.74898561e-03, 2.76339729e-03, 1.07387714e-02, 4.54736268e-03,
       5.14201773e-03, 1.95886381e-03, 2.48355954e-03, 2.55351886e-03,
       6.05149008e-03, 1.60906673e-03, 7.69553659e-03, 9.82929859e-03,
       5.56177413e-03, 4.16258583e-03, 2.41360022e-03, 4.40744357e-03,
       4.40744357e-03, 8.25521164e-03, 4.54736268e-03, 4.79222042e-03,
       4.02266672e-03, 2.23870156e-03, 3.60291032e-03, 3.32307257e-03,
       4.65230178e-03, 1.14383660e-02, 1.60906673e-03, 1.61606278e-02,
       1.39918854e-03, 2.51853932e-03, 3.74282920e-03, 1.92388415e-03,
       1.11935083e-02, 3.14817415e-03, 2.72841752e-03, 1.30474325e-02,
       4.54736268e-03, 8.57002940e-03, 4.16258583e-03, 2.93829571e-03,
       1.92388415e-03, 3.07821459e-03, 2.61648241e-02, 3.56793054e-03,
       4.54736268e-03, 1.29774734e-02, 4.86217998e-03, 2.90331617e-03,
       6.61116559e-03, 2.30866089e-03, 1.17531829e-02, 2.90331617e-03,
       4.30250447e-03, 5.24695683e-03, 2.41360022e-03, 2.27368134e-03,
       4.68728133e-03, 3.21813347e-03, 2.13376246e-03, 2.76339729e-03,
       1.20680006e-02, 2.65845819e-03, 3.04323505e-03, 2.72841752e-03,
       4.72226134e-03, 6.99594244e-03, 3.63789010e-03, 2.51853932e-03,
       1.46914786e-03, 3.32307257e-03, 2.30866089e-03, 1.33622503e-02,
       2.23870156e-03, 5.52679459e-03, 6.99594244e-03, 1.25926966e-03,
       4.96711908e-03, 4.96711908e-03, 1.88890449e-03, 2.23870156e-03,
       1.29075134e-02, 4.33748448e-03, 5.24695683e-03, 1.78396527e-03,
       1.81894505e-03, 1.39918854e-03, 7.13586109e-03, 2.62347842e-03,
       3.25311325e-03, 8.88484716e-03, 3.74282920e-03, 2.16874224e-03,
       4.65230178e-03, 1.12284878e-02, 1.62305869e-02, 6.99594268e-04,
       2.51853932e-03, 2.86833639e-03, 3.28809302e-03, 1.60906673e-03,
       3.28809302e-03, 6.12144964e-03, 3.07821459e-03, 2.86833639e-03,
       4.58234223e-03, 1.46914786e-03, 1.71400583e-03, 3.91772762e-03,
       1.43416820e-03, 3.46299144e-03, 3.95270763e-03, 2.23870156e-03,
       4.72226134e-03, 3.84776830e-03, 4.54736268e-03, 4.33748448e-03,
       3.67286964e-03, 7.17084110e-03, 2.20372179e-03, 1.53910730e-03,
       5.35189593e-03 ]
