%YAML:1.0
mandawa056: !!opencv-matrix
   rows: 1
   cols: 200
   dt: f
   data: [ 3.51028447e-03, 4.18770779e-03, 3.38711659e-03,
       3.01761297e-03, 1.53959845e-03, 4.49562725e-03, 1.46569777e-02,
       7.14373682e-03, 3.26394872e-03, 5.72730601e-03, 5.48097026e-03,
       4.31087567e-03, 4.18770779e-03, 3.57186841e-03, 1.17625324e-02,
       3.32553266e-03, 5.48097026e-03, 4.00295574e-03, 5.17305080e-03,
       3.26394872e-03, 3.20236478e-03, 4.74196300e-03, 4.18770779e-03,
       1.75514221e-02, 6.40472956e-03, 4.49562725e-03, 5.66572230e-03,
       1.99531950e-02, 6.46631327e-03, 2.89444509e-03, 4.00295574e-03,
       5.85047435e-03, 7.20532052e-03, 4.61879559e-03, 5.48097026e-03,
       3.75662022e-03, 4.24929149e-03, 1.66276633e-03, 2.52494146e-03,
       6.40472956e-03, 5.97364176e-03, 3.44870053e-03, 4.68037929e-03,
       2.95602903e-03, 5.35780285e-03, 4.37245984e-03, 4.68037929e-03,
       4.31087567e-03, 4.61879559e-03, 5.48097026e-03, 9.73026268e-03,
       6.28156168e-03, 4.61879559e-03, 3.51028447e-03, 1.82288457e-02,
       6.28156168e-03, 6.34314585e-03, 4.80354717e-03, 2.58652540e-03,
       1.04076853e-02, 6.77423319e-03, 2.83286115e-03, 4.80354717e-03,
       6.95898477e-03, 4.12612408e-03, 4.43404354e-03, 3.57186841e-03,
       8.43699928e-03, 4.80354717e-03, 5.41938655e-03, 4.68037929e-03,
       3.63345235e-03, 9.66867805e-03, 5.60413860e-03, 4.98829875e-03,
       4.80354717e-03, 1.78593420e-03, 5.17305080e-03, 8.06749612e-03,
       1.84751814e-03, 4.86513134e-03, 4.37245984e-03, 6.34314585e-03,
       1.66276633e-03, 4.18770779e-03, 4.86513134e-03, 6.15839381e-03,
       6.77423319e-03, 6.15839381e-03, 3.69503628e-03, 8.62175133e-04,
       3.87978810e-03, 2.52494146e-03, 3.38711659e-03, 9.36075859e-03,
       4.31087567e-03, 5.78889018e-03, 5.54255443e-03, 5.97364176e-03,
       1.17009482e-03, 6.15839381e-03, 4.68037929e-03, 4.00295574e-03,
       3.57186841e-03, 4.68037929e-03, 5.54255443e-03, 5.23463450e-03,
       3.38711659e-03, 3.81820416e-03, 4.80354717e-03, 8.00591148e-03,
       2.15543783e-03, 3.87978810e-03, 4.43404354e-03, 4.61879559e-03,
       4.98829875e-03, 3.63345235e-03, 3.20236478e-03, 3.26394872e-03,
       4.43404354e-03, 4.00295574e-03, 2.70969328e-03, 8.43699928e-03,
       6.03522593e-03, 4.80354717e-03, 1.84751814e-03, 4.74196300e-03,
       4.31087567e-03, 5.97364176e-03, 8.80650338e-03, 3.14078084e-03,
       3.63345235e-03, 2.40177359e-03, 8.31383187e-03, 5.41938655e-03,
       5.35780285e-03, 4.43404354e-03, 4.12612408e-03, 6.71264902e-03,
       6.21997751e-03, 6.09681010e-03, 3.14078084e-03, 9.66867805e-03,
       7.39007257e-03, 4.00295574e-03, 3.01761297e-03, 3.01761297e-03,
       2.46335752e-03, 3.44870053e-03, 4.18770779e-03, 4.37245984e-03,
       3.94137204e-03, 4.43404354e-03, 3.81820416e-03, 4.06453991e-03,
       3.75662022e-03, 4.49562725e-03, 2.21702177e-03, 4.24929149e-03,
       2.58652540e-03, 5.35780285e-03, 4.61879559e-03, 3.87978810e-03,
       4.37245984e-03, 4.18770779e-03, 8.06749612e-03, 3.81820416e-03,
       3.75662022e-03, 6.95898477e-03, 3.87978810e-03, 3.94137204e-03,
       1.10851089e-03, 3.81820416e-03, 3.75662022e-03, 3.32553266e-03,
       4.24929149e-03, 4.43404354e-03, 6.03522593e-03, 3.38711659e-03,
       3.75662022e-03, 2.08153706e-02, 4.86513134e-03, 4.98829875e-03,
       4.24929149e-03, 3.87978810e-03, 4.18770779e-03, 5.91205806e-03,
       5.66572230e-03, 4.31087567e-03, 3.75662022e-03, 3.87978810e-03,
       6.46631327e-03, 3.75662022e-03, 6.28156168e-03, 4.68037929e-03,
       2.40177359e-03, 3.07919690e-03, 1.41643058e-03, 4.00295574e-03,
       4.61879559e-03 ]
