%YAML:1.0
mandawa-19mar26_1: !!opencv-matrix
   rows: 1
   cols: 200
   dt: f
   data: [ 3.58790369e-03, 2.97283451e-03, 1.13787800e-02,
       2.25525373e-03, 5.02306502e-03, 5.33059984e-03, 2.05023075e-03,
       1.03536649e-02, 3.58790369e-03, 3.28036910e-03, 7.27831898e-03,
       5.94566902e-03, 3.77242453e-02, 3.69041529e-03, 3.58790369e-03,
       2.97283451e-03, 3.38288071e-03, 1.73244495e-02, 2.25525373e-03,
       1.74269604e-03, 2.00922601e-02, 4.10046149e-03, 3.17785749e-03,
       3.07534612e-03, 3.69041529e-03, 4.30548424e-03, 3.17785749e-03,
       5.63813420e-03, 3.48539208e-03, 1.17888264e-02, 1.47616612e-02,
       2.66529992e-03, 5.84315741e-03, 2.56278832e-03, 3.89543828e-03,
       3.07534612e-03, 2.87032290e-03, 1.64018455e-03, 3.48539208e-03,
       1.25064068e-02, 7.58585334e-03, 2.87032290e-03, 3.99794988e-03,
       1.84520765e-03, 1.53767306e-03, 5.94566902e-03, 3.07534612e-03,
       3.58790369e-03, 3.28036910e-03, 6.66324981e-03, 3.17785749e-03,
       2.25525373e-03, 5.22808824e-03, 3.48539208e-03, 1.94771914e-03,
       4.51050745e-03, 4.81804227e-03, 3.28036910e-03, 4.81804227e-03,
       3.58790369e-03, 9.53357294e-03, 1.84520765e-03, 2.87032290e-03,
       1.49666844e-02, 7.58585334e-03, 2.05023075e-03, 1.53767306e-03,
       2.97283451e-03, 3.17785749e-03, 3.48539208e-03, 3.79292667e-03,
       3.48539208e-03, 1.64018455e-03, 1.43516145e-03, 1.94771914e-03,
       1.08662229e-02, 3.17785749e-03, 3.69041529e-03, 4.71553067e-03,
       2.97283451e-03, 7.27831898e-03, 1.21988729e-02, 1.53767306e-03,
       3.17785749e-03, 8.61096848e-03, 2.56278832e-03, 2.66529992e-03,
       5.02306502e-03, 2.97283451e-03, 1.53767306e-03, 2.56278832e-03,
       3.58790369e-03, 1.64018455e-03, 4.61301906e-03, 3.38288071e-03,
       1.01486417e-02, 6.04818063e-03, 2.66529992e-03, 1.33264996e-03,
       3.99794988e-03, 2.25525373e-03, 3.48539208e-03, 2.52178367e-02,
       2.76781153e-03, 3.89543828e-03, 3.17785749e-03, 7.48334220e-03,
       1.02511537e-03, 1.57867763e-02, 3.99794988e-03, 1.33264996e-03,
       4.71553067e-03, 9.32854973e-03, 1.94771914e-03, 2.15274212e-03,
       3.89543828e-03, 3.07534612e-03, 3.07534612e-03, 6.45822659e-03,
       6.25320338e-03, 1.12762686e-03, 4.10046149e-03, 4.61301906e-03,
       4.81804227e-03, 1.53767306e-03, 4.71553067e-03, 9.22603824e-04,
       2.82931831e-02, 6.25320338e-03, 1.84520762e-02, 1.84520765e-03,
       2.46027671e-03, 2.15274212e-03, 3.48539208e-03, 3.28036910e-03,
       1.84520765e-03, 2.87032290e-03, 4.92055342e-03, 3.28036910e-03,
       2.25525373e-03, 2.25525373e-03, 3.38288071e-03, 2.87032290e-03,
       1.74269604e-03, 1.74269604e-03, 1.33264996e-03, 2.15274212e-03,
       2.76781153e-03, 2.05023075e-03, 2.76781153e-03, 4.81804227e-03,
       6.66324981e-03, 7.38083059e-03, 3.28036910e-03, 1.26089184e-02,
       5.53562306e-03, 4.10046149e-03, 2.57303957e-02, 1.69144031e-02,
       7.79087655e-03, 4.71553067e-03, 9.63608455e-03, 1.55817531e-02,
       3.69041529e-03, 3.17785749e-03, 4.92055342e-03, 3.38288071e-03,
       3.69041529e-03, 2.97283451e-03, 1.74269604e-03, 3.48539208e-03,
       3.17785749e-03, 5.94566902e-03, 3.79292667e-03, 3.99794988e-03,
       1.02511537e-03, 3.38288071e-03, 5.53562306e-03, 2.87032290e-03,
       3.99794988e-03, 6.15069224e-03, 3.89543828e-03, 3.07534612e-03,
       2.25525373e-03, 3.69041529e-03, 2.15274212e-03, 2.97283451e-03,
       3.48539208e-03, 4.10046149e-03, 3.89543828e-03, 4.40799585e-03,
       3.79292667e-03, 1.84520765e-03, 3.07534612e-03, 2.46027671e-03,
       2.76781153e-03, 2.97283451e-03, 4.20297310e-03, 2.56278832e-03,
       8.71348009e-03 ]
