%YAML:1.0
mandawa-19mar34_12: !!opencv-matrix
   rows: 1
   cols: 200
   dt: f
   data: [ 3.04060103e-03, 5.00804884e-03, 1.46664288e-02,
       2.86174216e-03, 4.29261336e-03, 5.00804884e-03, 2.86174216e-03,
       2.32516555e-03, 2.32516555e-03, 4.65033110e-03, 6.08120207e-03,
       1.21624041e-02, 3.09425872e-02, 5.36576658e-03, 2.50402442e-03,
       2.86174216e-03, 3.93489562e-03, 1.59184411e-02, 3.04060103e-03,
       2.86174216e-03, 4.84707579e-02, 5.90234343e-03, 3.39831877e-03,
       3.93489562e-03, 1.96744781e-03, 2.14630668e-03, 2.68288329e-03,
       4.82918974e-03, 1.07315334e-03, 7.51207303e-03, 1.07315332e-02,
       3.75603652e-03, 4.82918974e-03, 2.86174216e-03, 1.07315334e-03,
       4.29261336e-03, 5.54462522e-03, 4.47147200e-03, 1.60972995e-03,
       9.65837948e-03, 3.39831877e-03, 4.47147200e-03, 1.78858882e-03,
       1.09103918e-02, 3.21945990e-03, 1.34144165e-02, 1.60972995e-03,
       1.96744781e-03, 4.11375426e-03, 2.32516555e-03, 2.14630668e-03,
       2.50402442e-03, 4.47147200e-03, 6.79663755e-03, 3.93489562e-03,
       3.57717765e-03, 9.12180357e-03, 2.14630668e-03, 3.57717765e-03,
       3.21945990e-03, 8.58522672e-03, 8.94294411e-04, 1.96744781e-03,
       4.47147200e-03, 7.33321439e-03, 2.14630668e-03, 3.39831877e-03,
       5.00804884e-03, 4.47147200e-03, 4.47147200e-03, 4.29261336e-03,
       2.86174216e-03, 3.21945990e-03, 1.96744781e-03, 2.32516555e-03,
       3.39831877e-03, 4.65033110e-03, 3.39831877e-03, 3.39831877e-03,
       6.97549665e-03, 2.68288329e-03, 7.69093214e-03, 3.57717765e-03,
       5.54462522e-03, 1.09103918e-02, 1.05526745e-02, 2.32516555e-03,
       6.97549665e-03, 4.82918974e-03, 2.50402442e-03, 2.14630668e-03,
       2.14630668e-03, 3.39831877e-03, 3.39831877e-03, 3.75603652e-03,
       1.18046869e-02, 2.86174216e-03, 3.75603652e-03, 2.32516555e-03,
       6.08120207e-03, 5.36576658e-03, 3.04060103e-03, 1.18046869e-02,
       2.50402442e-03, 2.32516555e-03, 2.32516555e-03, 8.40636715e-03,
       4.65033110e-03, 4.82918974e-03, 3.93489562e-03, 4.29261336e-03,
       4.11375426e-03, 3.57717765e-03, 2.68288329e-03, 5.00804884e-03,
       1.00160977e-02, 4.11375426e-03, 4.11375426e-03, 2.32516555e-03,
       4.11375426e-03, 2.68288329e-03, 8.22750852e-03, 4.29261336e-03,
       2.50402442e-03, 3.39831877e-03, 3.04060103e-03, 1.16258273e-02,
       1.57395825e-02, 2.50402442e-03, 3.04060103e-03, 2.14630668e-03,
       2.86174216e-03, 3.39831877e-03, 5.18690748e-03, 3.21945990e-03,
       2.50402442e-03, 3.04060103e-03, 5.00804884e-03, 2.14630668e-03,
       3.75603652e-03, 3.21945990e-03, 3.57717765e-03, 3.39831877e-03,
       2.14630668e-03, 2.50402442e-03, 3.75603652e-03, 3.57717765e-03,
       5.18690748e-03, 3.21945990e-03, 5.36576658e-03, 4.11375426e-03,
       7.15435529e-03, 6.97549665e-03, 2.50402442e-03, 7.69093214e-03,
       4.47147200e-03, 3.57717765e-03, 1.86013244e-02, 5.00804884e-03,
       4.29261336e-03, 2.14630668e-03, 4.82918974e-03, 3.93489562e-03,
       3.57717765e-03, 2.86174216e-03, 3.39831877e-03, 2.50402442e-03,
       6.97549665e-03, 8.04864988e-03, 3.21945990e-03, 1.78858882e-03,
       4.82918974e-03, 3.39831877e-03, 6.61777891e-03, 3.39831877e-03,
       7.51207303e-03, 8.40636715e-03, 4.47147200e-03, 1.60972995e-03,
       3.57717765e-03, 9.47952084e-03, 7.69093214e-03, 5.00804884e-03,
       3.93489562e-03, 3.39831877e-03, 5.36576658e-03, 5.18690748e-03,
       3.75603652e-03, 2.68288329e-03, 1.43087108e-03, 9.12180357e-03,
       3.93489562e-03, 4.47147200e-03, 3.39831877e-03, 6.79663755e-03,
       4.29261336e-03, 3.39831877e-03, 7.86979124e-03, 2.50402442e-03,
       4.29261336e-03 ]
