%YAML:1.0
mandawa-19mar23_11: !!opencv-matrix
   rows: 1
   cols: 200
   dt: f
   data: [ 3.53506813e-03, 5.72681008e-03, 1.50593901e-02,
       4.38348437e-03, 7.42364302e-03, 5.23190061e-03, 4.94909519e-03,
       3.25226248e-03, 6.78733084e-03, 5.93891414e-03, 5.58540737e-03,
       5.65610884e-04, 1.23020364e-02, 2.26244354e-03, 4.17138031e-03,
       4.59558843e-03, 5.65610873e-03, 4.31278301e-03, 3.32296384e-03,
       3.04015842e-03, 2.47454760e-03, 2.33314489e-03, 4.52488707e-03,
       1.41402718e-03, 6.57522632e-03, 9.19117685e-03, 9.89819062e-04,
       2.40384624e-03, 2.61595030e-03, 2.89875572e-03, 5.79751143e-03,
       4.10067895e-03, 5.37330331e-03, 5.23190061e-03, 4.02997760e-03,
       6.78733084e-03, 2.82805442e-04, 3.11085978e-03, 1.06052042e-03,
       3.53506813e-03, 4.80769249e-03, 4.80769249e-03, 9.61538497e-03,
       3.46436678e-03, 5.58540737e-03, 1.55542989e-03, 4.38348437e-03,
       5.72681008e-03, 4.52488707e-03, 2.68665166e-03, 5.09049790e-03,
       2.05033948e-03, 2.72200238e-02, 3.11085978e-03, 6.00961549e-03,
       3.53506813e-03, 4.66628978e-03, 2.96945707e-03, 3.39366542e-03,
       3.74717219e-03, 2.26244354e-03, 4.66628978e-03, 8.27205926e-03,
       8.48416332e-03, 3.10378969e-02, 5.86821279e-03, 3.32296384e-03,
       2.68665166e-03, 2.68665166e-03, 4.94909519e-03, 2.05033948e-03,
       1.15243215e-02, 2.75735301e-03, 2.54524895e-03, 4.94909519e-03,
       2.05033948e-03, 5.58540737e-03, 5.23190061e-03, 3.67647083e-03,
       2.82805436e-03, 3.88857489e-03, 8.55486467e-03, 4.94909519e-03,
       3.53506813e-03, 3.46436678e-03, 2.96945707e-03, 3.74717219e-03,
       2.12104083e-03, 3.81787354e-03, 7.91855250e-03, 5.30260196e-03,
       2.89875572e-03, 5.72681008e-03, 2.82805436e-03, 5.65610873e-03,
       5.09049790e-03, 6.50452496e-03, 3.67647083e-03, 6.64592767e-03,
       4.24208166e-03, 2.96945707e-03, 5.79751143e-03, 2.33314489e-03,
       8.48416332e-03, 1.24434391e-02, 3.60576948e-03, 9.75678768e-03,
       1.13122177e-03, 2.26244354e-03, 4.52488707e-03, 1.83823542e-03,
       5.58540737e-03, 8.34276062e-03, 2.47454760e-03, 6.29242091e-03,
       8.48416332e-03, 7.70644844e-03, 5.79751143e-03, 2.75735301e-03,
       1.62613124e-03, 5.30260196e-03, 1.53421955e-02, 3.04015842e-03,
       2.54524895e-03, 7.70644844e-03, 3.32296384e-03, 4.17138031e-03,
       2.19174218e-03, 5.51470602e-03, 1.54835982e-02, 3.18156113e-03,
       5.65610873e-03, 5.09049790e-03, 3.74717219e-03, 3.04015842e-03,
       8.20135791e-03, 2.05033948e-03, 3.11085978e-03, 3.18156113e-03,
       1.23020364e-02, 2.89875572e-03, 5.09049790e-03, 4.73699113e-03,
       6.15101820e-03, 9.19117685e-03, 4.31278301e-03, 4.24208166e-03,
       2.40384624e-03, 3.25226248e-03, 3.32296384e-03, 4.02997760e-03,
       1.90893677e-03, 4.17138031e-03, 8.05995520e-03, 3.18156113e-03,
       5.16119925e-03, 3.95927625e-03, 2.12104083e-03, 2.96945707e-03,
       1.32211540e-02, 2.82805436e-03, 3.46436678e-03, 2.68665166e-03,
       3.11085978e-03, 1.48472853e-03, 7.56504573e-03, 5.58540737e-03,
       4.10067895e-03, 6.92873355e-03, 8.97907279e-03, 3.18156113e-03,
       3.88857489e-03, 3.81787354e-03, 1.30090499e-02, 1.76753406e-03,
       4.31278301e-03, 3.18156113e-03, 6.00961549e-03, 3.95927625e-03,
       4.24208166e-03, 5.86821279e-03, 6.36312226e-03, 4.80769249e-03,
       4.52488707e-03, 1.90893677e-03, 3.67647083e-03, 5.86821279e-03,
       1.83823542e-03, 5.37330331e-03, 5.16119925e-03, 5.09049790e-03,
       5.65610873e-03, 2.89875572e-03, 3.18156113e-03, 6.85803220e-03,
       5.58540737e-03, 9.33257956e-03, 1.48472853e-03, 9.89819062e-04,
       3.88857489e-03 ]
