%YAML:1.0
mandawa-19mar35_22: !!opencv-matrix
   rows: 1
   cols: 200
   dt: f
   data: [ 4.00801608e-03, 8.68403446e-03, 1.02427080e-02,
       4.89868643e-03, 8.90670228e-04, 5.56668872e-03, 4.67601884e-03,
       4.23068367e-03, 1.58093963e-02, 4.00801608e-03, 3.34001333e-03,
       2.89467815e-03, 4.67601884e-03, 4.00801608e-03, 2.89467815e-03,
       1.33600528e-03, 6.23469148e-03, 3.56268091e-03, 4.45335126e-03,
       4.67601884e-03, 4.67601884e-03, 4.89868643e-03, 4.23068367e-03,
       1.11333781e-03, 3.56268091e-03, 4.23068367e-03, 1.55867287e-03,
       2.67201057e-03, 2.22667563e-03, 4.89868643e-03, 4.89868643e-03,
       4.00801608e-03, 2.44934321e-03, 3.56268091e-03, 8.46136734e-03,
       6.23469148e-03, 4.23068367e-03, 3.78534850e-03, 6.01202389e-03,
       4.45335126e-03, 6.23469148e-03, 3.34001333e-03, 2.00400804e-03,
       2.89467815e-03, 3.34001333e-03, 3.11734574e-03, 2.22667563e-03,
       6.45735906e-03, 3.78534850e-03, 3.56268091e-03, 3.34001333e-03,
       1.78134046e-03, 6.90269424e-03, 5.78935631e-03, 4.67601884e-03,
       3.76308188e-02, 3.78534850e-03, 3.56268091e-03, 2.67201057e-03,
       4.67601884e-03, 6.23469148e-03, 1.78134046e-03, 2.15987526e-02,
       2.69427747e-02, 6.01202389e-03, 3.78534850e-03, 1.55867287e-03,
       8.23869929e-03, 1.33600528e-03, 3.11734574e-03, 6.01202389e-03,
       3.11734574e-03, 2.00400804e-03, 6.01202389e-03, 2.89467815e-03,
       1.33600528e-03, 2.44934321e-03, 1.22467158e-02, 4.89868643e-03,
       4.23068367e-03, 1.33600528e-03, 4.00801608e-03, 1.02427080e-02,
       8.90670251e-03, 4.00801608e-03, 3.34001333e-03, 1.78134046e-03,
       9.79737286e-03, 2.44934321e-03, 5.56668872e-03, 7.34802941e-03,
       3.34001333e-03, 3.78534850e-03, 3.78534850e-03, 2.44934321e-03,
       2.22667563e-03, 4.45335126e-03, 8.23869929e-03, 2.22667563e-03,
       2.67201057e-03, 2.00400804e-03, 2.22667563e-03, 2.67201057e-03,
       2.44934321e-03, 4.67601884e-03, 2.44934321e-03, 2.49387659e-02,
       3.56268091e-03, 1.78134046e-03, 4.00801608e-03, 4.00801608e-03,
       6.68002665e-03, 2.67201057e-03, 6.45735906e-03, 1.24693830e-02,
       1.78134046e-03, 4.23068367e-03, 2.67201057e-03, 4.89868643e-03,
       7.57069699e-03, 2.67201057e-03, 2.44934317e-02, 1.11333781e-03,
       3.56268091e-03, 8.23869929e-03, 9.12936963e-03, 3.78534850e-03,
       7.57069699e-03, 3.34001333e-03, 4.23068367e-03, 2.89467815e-03,
       2.22667563e-03, 3.11734574e-03, 1.78134046e-03, 3.56268091e-03,
       2.22667563e-03, 3.34001333e-03, 2.44934321e-03, 2.67201057e-03,
       6.01202389e-03, 1.55867287e-03, 3.11734574e-03, 2.00400804e-03,
       6.90269424e-03, 2.00400804e-03, 2.44934321e-03, 3.56268091e-03,
       2.00400804e-03, 2.67201057e-03, 5.56668872e-03, 6.81362748e-02,
       4.00801608e-03, 2.44934321e-03, 2.22667563e-03, 1.33600528e-03,
       2.89467815e-03, 4.45335126e-03, 3.11734574e-03, 3.56268091e-03,
       3.56268091e-03, 9.12936963e-03, 2.00400804e-03, 3.11734574e-03,
       2.89467815e-03, 4.67601884e-03, 5.34402113e-03, 1.55867287e-03,
       3.56268091e-03, 3.56268091e-03, 2.67201057e-03, 3.78534850e-03,
       1.49187259e-02, 7.34802941e-03, 7.34802941e-03, 2.00400804e-03,
       2.67201057e-03, 2.89467815e-03, 4.23068367e-03, 5.34402113e-03,
       3.56268091e-03, 1.55867287e-03, 2.67201057e-03, 2.89467815e-03,
       4.23068367e-03, 2.00400804e-03, 2.89467815e-03, 4.89868643e-03,
       2.89467815e-03, 6.68002665e-03, 2.67201057e-03, 1.55867287e-03,
       1.78134046e-03, 5.34402113e-03, 4.67601884e-03, 1.55867287e-03,
       4.45335126e-03, 2.22667563e-03, 1.78134046e-03, 2.89467815e-03,
       4.67601884e-03 ]
