%YAML:1.0
mandawa055: !!opencv-matrix
   rows: 1
   cols: 200
   dt: f
   data: [ 2.05479469e-03, 5.57077629e-03, 3.33333341e-03,
       2.78538815e-03, 5.98173542e-03, 7.62557099e-03, 4.65753442e-03,
       2.96803657e-03, 5.29680401e-03, 5.43378992e-03, 2.23744288e-03,
       3.65296821e-03, 7.30593642e-03, 3.97260301e-03, 1.10045662e-02,
       4.65753442e-03, 4.42922395e-03, 6.57534273e-03, 1.46118726e-03,
       4.79452079e-03, 1.03196353e-02, 1.73515989e-03, 1.27853884e-03,
       4.70319670e-03, 2.60273973e-03, 3.24200932e-03, 3.60730616e-03,
       4.01826482e-03, 5.11415536e-03, 1.28767127e-02, 1.37899546e-02,
       3.88127868e-03, 2.96803657e-03, 2.19178083e-03, 2.00913241e-03,
       3.05936090e-03, 1.55251147e-03, 1.46118726e-03, 5.15981764e-03,
       1.25570782e-02, 3.10502294e-03, 2.51141563e-03, 2.83105043e-03,
       6.02739723e-03, 3.51598184e-03, 1.94063932e-02, 4.06392710e-03,
       1.32420100e-03, 8.90410971e-03, 4.01826482e-03, 2.37442926e-03,
       2.32876721e-03, 3.56164388e-03, 2.37442926e-03, 5.15981764e-03,
       5.47945220e-03, 8.99543427e-03, 8.31050240e-03, 3.56164388e-03,
       6.02739723e-03, 2.14611879e-03, 4.38356167e-03, 2.46575358e-03,
       4.38356167e-03, 3.88127868e-03, 5.11415536e-03, 7.07762595e-03,
       3.19634704e-03, 3.24200932e-03, 3.97260301e-03, 3.88127868e-03,
       3.37899546e-03, 4.33789985e-03, 2.42009130e-03, 5.34246583e-03,
       4.42922395e-03, 3.69863026e-03, 4.24657529e-03, 3.10502294e-03,
       7.53424689e-03, 2.78538815e-03, 1.03652971e-02, 3.65296821e-03,
       3.15068499e-03, 3.65296821e-03, 5.43378992e-03, 9.31506883e-03,
       1.06849317e-02, 4.01826482e-03, 1.50684938e-02, 5.79908676e-03,
       5.15981764e-03, 5.25114173e-03, 2.28310516e-03, 5.84474904e-03,
       3.19634704e-03, 5.34246583e-03, 1.73515989e-03, 1.96347036e-03,
       7.62557099e-03, 5.61643858e-03, 2.10045674e-03, 3.42465774e-03,
       4.52054804e-03, 2.78538815e-03, 2.64840201e-03, 2.28310516e-03,
       1.12328772e-02, 5.43378992e-03, 3.56164388e-03, 2.92237452e-03,
       2.73972610e-03, 1.59817352e-03, 6.52968045e-03, 8.03652965e-03,
       1.34703200e-02, 3.60730616e-03, 7.94520602e-03, 1.41552521e-03,
       7.94520602e-03, 6.71232911e-03, 3.74429231e-03, 3.88127868e-03,
       7.67123327e-03, 1.98173523e-02, 4.56621032e-03, 7.35159824e-03,
       3.83561663e-03, 1.55251147e-03, 6.25570817e-03, 3.88127868e-03,
       8.44748877e-03, 2.10045674e-03, 5.06849354e-03, 4.93150717e-03,
       6.52968045e-03, 7.53424689e-03, 4.20091348e-03, 1.96347036e-03,
       7.48858461e-03, 3.74429231e-03, 3.10502294e-03, 4.20091348e-03,
       4.42922395e-03, 7.16895005e-03, 5.79908676e-03, 3.65296821e-03,
       4.70319670e-03, 3.78995435e-03, 7.57990871e-03, 3.56164388e-03,
       9.86301433e-03, 3.10502294e-03, 4.61187214e-03, 3.15068499e-03,
       1.96347036e-03, 1.78082194e-03, 5.79908676e-03, 9.72602796e-03,
       1.32420100e-03, 7.48858461e-03, 2.19178083e-03, 1.18721463e-03,
       5.20547945e-03, 3.19634704e-03, 2.83105043e-03, 3.92694073e-03,
       2.92237452e-03, 5.06849354e-03, 3.01369862e-03, 4.10958938e-03,
       8.08219239e-03, 2.23744288e-03, 3.74429231e-03, 3.33333341e-03,
       1.04566216e-02, 2.46575344e-02, 2.64840201e-03, 1.55251147e-03,
       4.10958938e-03, 3.47031979e-03, 4.56621032e-03, 3.56164388e-03,
       6.25570817e-03, 1.18264845e-02, 3.05936090e-03, 3.65296821e-03,
       3.92694073e-03, 5.34246583e-03, 3.92694073e-03, 5.93607314e-03,
       3.78995435e-03, 3.10502294e-03, 4.10958938e-03, 2.87671247e-03,
       5.02283126e-03, 3.65296821e-03, 6.52968045e-03, 8.58447514e-03,
       2.05479469e-03 ]
