%YAML:1.0
mandawa-19mar32_22: !!opencv-matrix
   rows: 1
   cols: 200
   dt: f
   data: [ 5.53020835e-03, 4.56242217e-03, 9.26309917e-03,
       3.59463552e-03, 3.31812515e-03, 3.94027354e-03, 5.25369821e-03,
       1.58993492e-03, 4.70067747e-03, 4.00940143e-03, 2.90335948e-03,
       2.23282166e-02, 2.64067464e-02, 4.00940143e-03, 4.97718761e-03,
       4.00940143e-03, 2.41946615e-03, 1.44476695e-02, 3.17986985e-03,
       5.04631549e-03, 3.09000406e-02, 4.42416687e-03, 2.90335948e-03,
       8.29531252e-03, 2.55772145e-03, 2.90335948e-03, 3.24899750e-03,
       2.69597676e-03, 2.00470071e-03, 9.12484434e-03, 1.05073964e-02,
       3.73289082e-03, 3.11074243e-03, 2.00470071e-03, 1.86644541e-03,
       4.35503945e-03, 4.70067747e-03, 3.17986985e-03, 4.00940143e-03,
       1.07839070e-02, 3.52550787e-03, 5.18457033e-03, 3.87114612e-03,
       4.21678415e-03, 2.41946615e-03, 1.21664591e-02, 4.35503945e-03,
       3.24899750e-03, 3.94027354e-03, 3.73289082e-03, 2.41946615e-03,
       2.35033873e-03, 3.80201847e-03, 5.53020835e-03, 2.21208343e-03,
       6.01410167e-03, 5.11544291e-03, 4.56242217e-03, 3.66376317e-03,
       5.39195351e-03, 2.55772145e-03, 4.56242217e-03, 2.97248713e-03,
       6.84363302e-03, 4.35503945e-03, 2.69597676e-03, 3.45638045e-03,
       3.87114612e-03, 3.17986985e-03, 4.28591156e-03, 3.66376317e-03,
       2.90335948e-03, 4.63154959e-03, 1.65906257e-03, 2.62684911e-03,
       4.63154959e-03, 3.17986985e-03, 3.66376317e-03, 2.97248713e-03,
       5.11544291e-03, 3.24899750e-03, 4.56242217e-03, 4.14765626e-03,
       4.07852884e-03, 1.02308858e-02, 6.29061228e-03, 1.24429690e-03,
       4.76980489e-03, 2.76510417e-03, 4.28591156e-03, 2.48859380e-03,
       3.80201847e-03, 2.35033873e-03, 5.39195351e-03, 4.14765626e-03,
       7.81141967e-03, 4.49329428e-03, 4.21678415e-03, 4.49329428e-03,
       4.56242217e-03, 3.38725280e-03, 2.48859380e-03, 1.91483479e-02,
       3.04161478e-03, 3.24899750e-03, 2.35033873e-03, 3.73289082e-03,
       5.59933623e-03, 6.70537772e-03, 3.94027354e-03, 4.70067747e-03,
       3.87114612e-03, 2.00470071e-03, 2.83423183e-03, 4.70067747e-03,
       3.59463552e-03, 5.11544291e-03, 4.42416687e-03, 2.07382813e-03,
       9.95437521e-03, 3.31812515e-03, 8.98658857e-03, 3.11074243e-03,
       5.46108093e-03, 4.56242217e-03, 3.73289082e-03, 6.08322956e-03,
       2.52315775e-02, 2.41946615e-03, 5.46108093e-03, 3.94027354e-03,
       5.11544291e-03, 3.66376317e-03, 4.07852884e-03, 2.14295578e-03,
       3.38725280e-03, 5.25369821e-03, 2.48859380e-03, 4.56242217e-03,
       4.70067747e-03, 4.76980489e-03, 2.83423183e-03, 3.04161478e-03,
       3.59463552e-03, 3.38725280e-03, 4.49329428e-03, 5.18457033e-03,
       6.84363302e-03, 3.04161478e-03, 3.17986985e-03, 2.55772145e-03,
       7.94967450e-03, 3.73289082e-03, 2.00470071e-03, 5.32282563e-03,
       4.83893231e-03, 2.62684911e-03, 3.16604450e-02, 6.56712288e-03,
       2.97248713e-03, 4.56242217e-03, 2.76510417e-03, 8.29531252e-03,
       3.73289082e-03, 3.04161478e-03, 2.41946615e-03, 4.35503945e-03,
       8.84833373e-03, 4.70067747e-03, 3.31812515e-03, 1.86644541e-03,
       4.49329428e-03, 2.55772145e-03, 5.32282563e-03, 2.90335948e-03,
       5.39195351e-03, 8.43356829e-03, 4.97718761e-03, 1.93557306e-03,
       4.28591156e-03, 6.77450560e-03, 4.90806019e-03, 4.35503945e-03,
       2.62684911e-03, 4.63154959e-03, 8.08793027e-03, 4.90806019e-03,
       4.00940143e-03, 4.07852884e-03, 4.14765626e-03, 5.94497425e-03,
       2.83423183e-03, 4.07852884e-03, 3.52550787e-03, 7.05101574e-03,
       4.83893231e-03, 3.11074243e-03, 4.97718761e-03, 5.11544291e-03,
       2.83423183e-03 ]
