%YAML:1.0
mandawa059: !!opencv-matrix
   rows: 1
   cols: 200
   dt: f
   data: [ 2.04225606e-03, 7.16646248e-03, 3.19334585e-03,
       6.75801095e-03, 2.41357530e-03, 2.74776272e-03, 4.23303992e-03,
       1.20678768e-02, 8.54034349e-03, 2.85915844e-03, 3.93598434e-03,
       6.57235133e-03, 3.86172067e-03, 4.38156771e-03, 3.11908196e-03,
       3.71319288e-03, 4.12164396e-03, 6.53521949e-03, 2.59923516e-03,
       2.48783920e-03, 4.64149099e-03, 2.04225606e-03, 3.04481830e-03,
       3.08195013e-03, 3.19334585e-03, 4.38156771e-03, 3.49040143e-03,
       1.48527720e-03, 4.60435916e-03, 4.15877625e-03, 3.41613754e-03,
       8.76313541e-03, 2.78489478e-03, 3.63892899e-03, 3.45326937e-03,
       3.75032495e-03, 1.70435552e-02, 8.54034384e-04, 2.07938813e-03,
       6.05250429e-03, 3.26760975e-03, 2.15365179e-03, 2.89629051e-03,
       3.08195013e-03, 4.75288695e-03, 6.08963659e-03, 8.42894800e-03,
       8.68887175e-03, 4.01024846e-03, 2.22791568e-03, 4.41869954e-03,
       1.89372839e-03, 3.02996542e-02, 9.54290573e-03, 4.86428291e-03,
       5.42126177e-03, 4.64149099e-03, 2.59923516e-03, 6.20103208e-03,
       3.52753326e-03, 9.50577389e-03, 1.85659644e-03, 7.35212211e-03,
       3.35672647e-02, 2.88143773e-02, 4.53009550e-03, 3.41613754e-03,
       8.13189242e-03, 2.15365179e-03, 4.38156771e-03, 4.60435916e-03,
       9.58003756e-03, 3.89885250e-03, 3.63892899e-03, 5.01281023e-03,
       2.41357530e-03, 2.78489478e-03, 3.67606105e-03, 3.52753326e-03,
       2.63636699e-03, 3.37900547e-03, 7.90910050e-03, 3.30474181e-03,
       2.33931164e-03, 3.41613754e-03, 5.68118505e-03, 2.15365179e-03,
       3.63892899e-03, 4.34443587e-03, 1.07682599e-02, 4.30730358e-03,
       1.81946449e-03, 3.89885250e-03, 5.16133802e-03, 4.75288695e-03,
       3.78745678e-03, 4.30730358e-03, 6.01537246e-03, 3.45326937e-03,
       3.37900547e-03, 4.53009550e-03, 3.00768623e-03, 5.75544918e-03,
       2.15365179e-03, 7.98336510e-03, 4.71575512e-03, 3.28988880e-02,
       2.37644347e-03, 2.82202661e-03, 2.59923516e-03, 5.27273398e-03,
       6.27529621e-03, 2.19078385e-03, 3.15621402e-03, 5.60692139e-03,
       3.15621402e-03, 7.79770501e-03, 2.71063088e-03, 5.16133802e-03,
       6.86940691e-03, 4.12164396e-03, 1.29590435e-02, 4.04738029e-03,
       4.82715061e-03, 6.86940691e-03, 3.71319288e-03, 2.78489478e-03,
       3.78745678e-03, 2.15365179e-03, 4.04738029e-03, 4.79001878e-03,
       3.89885250e-03, 7.09219836e-03, 2.89629051e-03, 3.49040143e-03,
       5.04994253e-03, 1.85659644e-03, 2.04225606e-03, 2.93342234e-03,
       1.47785079e-02, 2.56210309e-03, 4.23303992e-03, 2.97055440e-03,
       6.46095583e-03, 4.64149099e-03, 2.48783920e-03, 2.04225606e-03,
       2.41357530e-03, 5.12420619e-03, 4.41869954e-03, 1.05083361e-02,
       3.52753326e-03, 4.01024846e-03, 7.31499027e-03, 2.07938813e-03,
       1.93086034e-03, 2.59923516e-03, 2.15365179e-03, 2.89629051e-03,
       4.82715061e-03, 2.30217958e-03, 1.41101331e-03, 4.53009550e-03,
       2.52497126e-03, 8.05762876e-03, 1.10653145e-02, 2.37644347e-03,
       4.64149099e-03, 3.08195013e-03, 2.45070737e-03, 3.78745678e-03,
       4.97567840e-03, 2.74776272e-03, 7.05506653e-03, 4.90141474e-03,
       8.24328791e-03, 4.45583137e-03, 2.37644347e-03, 4.30730358e-03,
       2.85915844e-03, 5.42126177e-03, 3.82458861e-03, 5.42126177e-03,
       5.34699764e-03, 4.86428291e-03, 1.18822174e-03, 3.89885250e-03,
       2.45070737e-03, 6.42382354e-03, 3.82458861e-03, 5.97824063e-03,
       4.34443587e-03, 2.33931164e-03, 3.60179716e-03, 2.56210309e-03,
       3.60179716e-03, 5.68118505e-03, 1.96799217e-03, 8.31755251e-03,
       4.79001878e-03 ]
