%YAML:1.0
mandawa-19mar26_2: !!opencv-matrix
   rows: 1
   cols: 200
   dt: f
   data: [ 1.76102843e-03, 1.32957641e-02, 6.16359944e-03,
       4.66672517e-03, 3.96231376e-03, 3.08179972e-03, 2.90569686e-03,
       4.49062232e-03, 1.35599189e-02, 4.05036518e-03, 2.99374829e-03,
       2.28933687e-03, 3.43400543e-03, 2.64154258e-03, 2.90569686e-03,
       2.64154258e-03, 5.19503374e-03, 7.30826799e-03, 1.49687415e-03,
       1.49687415e-03, 2.46543973e-03, 3.25790257e-03, 2.90569686e-03,
       2.37738830e-03, 1.58492557e-03, 3.69815971e-03, 4.93087946e-03,
       1.67297700e-03, 2.46543973e-03, 1.84907985e-03, 7.04411371e-03,
       8.36488511e-03, 3.87426256e-03, 3.52205685e-03, 3.34595400e-03,
       4.13841661e-03, 1.84907985e-03, 3.43400543e-03, 2.55349115e-03,
       2.64154258e-03, 2.37738830e-03, 2.11323402e-03, 2.02518259e-03,
       1.93713128e-03, 2.81764544e-03, 3.43400543e-03, 4.57867375e-03,
       5.98749658e-03, 3.61010828e-03, 2.55349115e-03, 3.61010828e-03,
       4.05036518e-03, 3.93589847e-02, 1.03020165e-02, 5.72334230e-03,
       4.49062232e-03, 1.58492557e-03, 5.98749658e-03, 5.54723945e-03,
       4.31451946e-03, 3.43400543e-03, 2.64154258e-03, 2.35097297e-02,
       3.59249786e-02, 3.51325162e-02, 8.36488511e-03, 4.93087946e-03,
       2.72959401e-03, 2.28933687e-03, 1.40882272e-03, 1.58492557e-03,
       6.33970229e-03, 5.54723945e-03, 4.93087946e-03, 2.72959401e-03,
       1.05661701e-03, 3.25790257e-03, 1.06542222e-02, 1.67297700e-03,
       2.11323402e-03, 2.37738830e-03, 5.28308516e-03, 2.28933687e-03,
       3.43400543e-03, 1.58492557e-03, 2.64154258e-03, 5.72334230e-03,
       5.81139373e-03, 4.22646804e-03, 1.05661703e-02, 8.80514178e-03,
       2.72959401e-03, 3.69815971e-03, 1.93713128e-03, 2.28933687e-03,
       3.61010828e-03, 5.01893088e-03, 1.82266440e-02, 2.20128545e-03,
       4.05036518e-03, 7.22021656e-03, 4.49062232e-03, 2.99374829e-03,
       2.46543973e-03, 8.71709082e-03, 1.67297700e-03, 2.71198377e-02,
       2.28933687e-03, 6.42775372e-03, 2.81764544e-03, 1.76102843e-03,
       1.05661703e-02, 3.87426256e-03, 1.49687415e-03, 1.48806898e-02,
       1.58492557e-03, 5.54723945e-03, 1.58492557e-03, 2.64154258e-03,
       1.14466844e-03, 1.32077129e-03, 2.51827054e-02, 8.54098797e-03,
       3.52205685e-03, 1.15347356e-02, 2.46543973e-03, 5.89944515e-03,
       5.81139373e-03, 3.52205685e-03, 3.08179972e-03, 3.61010828e-03,
       3.78621113e-03, 4.57867375e-03, 1.67297700e-03, 3.87426256e-03,
       3.78621113e-03, 6.95606228e-03, 1.93713128e-03, 4.22646804e-03,
       8.80514178e-03, 1.14466844e-03, 1.76102843e-03, 3.69815971e-03,
       1.50567926e-02, 4.75477660e-03, 1.76102843e-03, 1.76102843e-03,
       1.67297700e-03, 6.77995943e-03, 1.76102843e-03, 1.75222326e-02,
       7.92462786e-04, 2.99374829e-03, 4.13841661e-03, 8.80514213e-04,
       2.55349115e-03, 3.43400543e-03, 1.76102843e-03, 3.96231376e-03,
       6.25165086e-03, 3.52205685e-03, 4.84282803e-03, 1.93713128e-03,
       2.46543973e-03, 1.05661701e-03, 9.15734749e-03, 8.80514213e-04,
       3.08179972e-03, 3.96231376e-03, 2.90569686e-03, 2.72959401e-03,
       1.62014607e-02, 1.10944789e-02, 1.03900675e-02, 1.28555074e-02,
       3.16985114e-03, 2.90569686e-03, 2.20128545e-03, 2.28933687e-03,
       2.11323402e-03, 3.34595400e-03, 4.05036518e-03, 2.64154258e-03,
       2.46543973e-03, 1.14466844e-03, 4.40257089e-03, 2.02518259e-03,
       1.49687415e-03, 3.16985114e-03, 3.25790257e-03, 2.46543973e-03,
       2.37738830e-03, 2.11323402e-03, 6.33970229e-03, 5.28308516e-03,
       2.11323402e-03, 5.01893088e-03, 1.93713128e-03, 1.49687415e-03,
       1.76102843e-03 ]
