%YAML:1.0
mandawa-19mar36_11: !!opencv-matrix
   rows: 1
   cols: 200
   dt: f
   data: [ 2.64349533e-03, 4.87088505e-03, 1.63749848e-02,
       4.23448812e-03, 4.01419681e-03, 2.64349533e-03, 4.65059374e-03,
       2.47215759e-03, 1.21160205e-02, 4.74850088e-03, 3.50018358e-03,
       8.81165150e-04, 7.93048646e-03, 1.95814483e-03, 2.44768080e-03,
       2.34977365e-03, 6.65769214e-03, 9.83967725e-03, 3.23093869e-03,
       1.86023745e-03, 4.25896468e-03, 5.48280496e-03, 4.62611672e-03,
       2.05605198e-03, 2.27634329e-03, 7.78362527e-03, 2.52111140e-03,
       3.25541547e-03, 1.93366793e-03, 2.22738972e-03, 3.76942847e-03,
       3.72047490e-03, 2.57006497e-03, 6.55978499e-03, 7.80810183e-03,
       3.76942847e-03, 9.30118724e-04, 3.62256775e-03, 2.15395913e-03,
       5.77652687e-03, 4.06315038e-03, 2.32529687e-03, 3.76942847e-03,
       3.59809096e-03, 2.83930986e-03, 1.59099256e-03, 7.75914825e-03,
       4.67507029e-03, 2.47215759e-03, 1.93366793e-03, 3.76942847e-03,
       3.79390549e-03, 9.20328032e-03, 3.25541547e-03, 6.38844725e-03,
       1.26789873e-02, 5.99681819e-03, 3.79390549e-03, 3.13303154e-03,
       4.84640803e-03, 5.04222279e-03, 2.25186651e-03, 1.64239388e-02,
       2.21759882e-02, 1.72561500e-02, 5.53175900e-03, 2.81483307e-03,
       2.47215759e-03, 1.59099256e-03, 4.11210395e-03, 2.32529687e-03,
       8.44449922e-03, 4.08762693e-03, 4.08762693e-03, 2.69244891e-03,
       1.78680709e-03, 2.12948234e-03, 6.73112227e-03, 1.59099256e-03,
       2.69244891e-03, 2.98617058e-03, 1.26789873e-02, 8.90955888e-03,
       6.38844725e-03, 2.88826344e-03, 4.67507029e-03, 2.27634329e-03,
       8.88508186e-03, 2.30082008e-03, 1.75988264e-02, 6.70664571e-03,
       2.39872723e-03, 3.50018358e-03, 2.15395913e-03, 4.25896468e-03,
       3.54913739e-03, 4.65059374e-03, 2.98617058e-03, 3.79390549e-03,
       4.25896468e-03, 2.83930986e-03, 4.23448812e-03, 3.69599811e-03,
       3.25541547e-03, 1.05005512e-02, 2.17843591e-03, 1.27034634e-02,
       2.98617058e-03, 4.40582540e-03, 2.22738972e-03, 1.39517814e-03,
       9.08089615e-03, 4.08762693e-03, 1.90919114e-03, 8.76269769e-03,
       4.01419681e-03, 1.16509609e-02, 3.62256775e-03, 4.38134884e-03,
       1.10145635e-03, 5.01774577e-03, 1.72316730e-02, 4.01419681e-03,
       3.67152132e-03, 1.27279405e-02, 9.00746603e-03, 4.35687182e-03,
       9.52147879e-03, 3.23093869e-03, 8.54240637e-03, 2.79035629e-03,
       3.84285906e-03, 1.81128383e-02, 2.22738972e-03, 2.17843591e-03,
       3.62256775e-03, 3.54913739e-03, 1.93366793e-03, 2.32529687e-03,
       9.30118747e-03, 3.86733585e-03, 3.35332286e-03, 2.57006497e-03,
       4.08762693e-03, 4.94431518e-03, 2.34977365e-03, 2.81483307e-03,
       1.78680709e-03, 2.93721701e-03, 5.06669935e-03, 3.37045677e-02,
       1.98262162e-03, 3.18198511e-03, 6.33949367e-03, 1.54203898e-03,
       3.03512439e-03, 2.61901855e-03, 2.69244891e-03, 2.49663461e-03,
       1.15775308e-02, 6.29054010e-03, 4.40582540e-03, 2.69244891e-03,
       2.27634329e-03, 2.00709840e-03, 1.13817165e-02, 1.78680709e-03,
       4.01419681e-03, 4.82193148e-03, 3.84285906e-03, 4.21001110e-03,
       7.95496255e-03, 1.16999149e-02, 1.28503246e-02, 2.03157519e-03,
       2.96169380e-03, 3.67152132e-03, 2.88826344e-03, 2.81483307e-03,
       3.76942847e-03, 5.89891104e-03, 3.42675322e-03, 3.23093869e-03,
       3.91628966e-03, 1.88471423e-03, 1.86023745e-03, 3.67152132e-03,
       2.86378665e-03, 1.14551466e-02, 3.20646190e-03, 2.22738972e-03,
       5.89891104e-03, 2.93721701e-03, 4.77297790e-03, 3.76942847e-03,
       2.61901855e-03, 5.06669935e-03, 4.77297790e-03, 2.66797212e-03,
       3.79390549e-03 ]
