%YAML:1.0
mandawa-19mar18_21: !!opencv-matrix
   rows: 1
   cols: 200
   dt: f
   data: [ 5.76975290e-03, 3.05457506e-03, 6.31278846e-03,
       2.37578060e-03, 6.44854736e-03, 4.88732010e-03, 5.63399401e-03,
       8.14553350e-04, 7.94189516e-03, 6.58430625e-03, 7.19522126e-03,
       2.71517783e-03, 1.48655986e-02, 3.73336952e-03, 2.30790116e-03,
       3.80124897e-03, 2.44366005e-03, 5.29459678e-03, 4.27640509e-03,
       1.34401303e-02, 5.76975290e-03, 3.05457506e-03, 5.29459678e-03,
       1.07928319e-02, 1.83274504e-03, 2.71517783e-03, 2.71517783e-03,
       1.83274504e-03, 1.83274504e-03, 2.30790116e-03, 3.12245451e-03,
       7.80613627e-03, 4.07276675e-03, 3.46185174e-03, 3.39397229e-03,
       4.34428453e-03, 3.32609285e-03, 2.30790116e-03, 3.25821340e-03,
       1.90062448e-03, 7.94189516e-03, 4.61580232e-03, 3.19033395e-03,
       2.57941894e-03, 2.44366005e-03, 2.03638338e-03, 6.92370348e-03,
       5.02307899e-03, 5.90551179e-03, 8.34917184e-03, 7.05946237e-03,
       2.71517783e-03, 2.10426282e-03, 7.26310071e-03, 3.93700786e-03,
       3.39397229e-03, 4.48004343e-03, 4.34428453e-03, 9.57100186e-03,
       5.02307899e-03, 2.71517783e-03, 1.59516707e-02, 3.86912841e-03,
       5.97339123e-03, 5.43035567e-03, 3.05457506e-03, 4.68368176e-03,
       4.14064620e-03, 5.70187345e-03, 5.90551179e-03, 6.51642680e-03,
       4.20852564e-03, 2.91881617e-03, 2.24002171e-03, 3.80124897e-03,
       2.78305728e-03, 3.59761063e-03, 4.48004343e-03, 5.09095844e-03,
       6.72006514e-03, 6.31278846e-03, 4.20852564e-03, 4.27640509e-03,
       2.78305728e-03, 1.32364919e-02, 1.56122725e-03, 3.39397229e-03,
       2.98669562e-03, 5.22671733e-03, 3.46185174e-03, 1.90062448e-03,
       3.32609285e-03, 2.78305728e-03, 5.43035567e-03, 5.90551179e-03,
       1.01140374e-02, 6.17702957e-03, 2.85093673e-03, 3.52973118e-03,
       3.59761063e-03, 3.86912841e-03, 4.61580232e-03, 6.24490902e-03,
       4.34428453e-03, 2.57941894e-03, 1.83274504e-03, 1.17431441e-02,
       4.88732010e-03, 2.57941894e-03, 5.02307899e-03, 3.46185174e-03,
       8.89220741e-03, 8.62068962e-03, 6.44854736e-03, 5.36247622e-03,
       2.03638338e-03, 3.73336952e-03, 5.43035567e-03, 4.81944066e-03,
       2.03638338e-03, 3.19033395e-03, 4.20852564e-03, 3.59761063e-03,
       3.46185174e-03, 4.75156121e-03, 5.36247622e-03, 3.19033395e-03,
       8.07765406e-03, 5.15883788e-03, 2.51153950e-03, 9.09584574e-03,
       5.02307899e-03, 3.19033395e-03, 6.51642680e-03, 1.01819169e-03,
       3.52973118e-03, 4.14064620e-03, 5.49823511e-03, 5.22671733e-03,
       3.80124897e-03, 2.03638338e-03, 4.88732010e-03, 5.02307899e-03,
       4.54792287e-03, 2.91881617e-03, 2.85093673e-03, 3.39397229e-03,
       1.07249524e-02, 3.93700786e-03, 3.25821340e-03, 3.66549008e-03,
       6.92370348e-03, 3.25821340e-03, 2.37578060e-03, 1.06570730e-02,
       5.49823511e-03, 5.97339123e-03, 8.62068962e-03, 5.63399401e-03,
       2.91881617e-03, 1.90062448e-03, 1.06570730e-02, 1.00461580e-02,
       2.64729839e-03, 1.90062448e-03, 2.37578060e-03, 5.49823511e-03,
       1.49334781e-02, 3.12245451e-03, 1.62910670e-03, 3.59761063e-03,
       6.72006514e-03, 2.85093673e-03, 5.15883788e-03, 4.07276675e-03,
       1.56122725e-03, 3.86912841e-03, 8.62068962e-03, 4.75156121e-03,
       4.95519955e-03, 6.38066791e-03, 1.69698615e-03, 6.10915013e-03,
       4.27640509e-03, 3.80124897e-03, 1.26934564e-02, 2.03638338e-03,
       7.67037738e-03, 4.88732010e-03, 2.71517783e-03, 2.64729839e-02,
       4.14064620e-03, 6.92370348e-03, 4.00488731e-03, 1.67662241e-02,
       8.28129239e-03, 3.93700786e-03, 3.59761063e-03, 4.61580232e-03,
       3.12245451e-03 ]
