%YAML:1.0
mandawa-19mar20_11: !!opencv-matrix
   rows: 1
   cols: 200
   dt: f
   data: [ 5.73390210e-03, 3.01784324e-03, 6.67697797e-03,
       2.45199748e-03, 7.05420831e-03, 2.15021311e-03, 4.30042623e-03,
       2.41427450e-03, 3.69685772e-03, 6.26202440e-03, 1.07887890e-02,
       4.56448784e-03, 2.18793619e-02, 4.56448784e-03, 2.82922783e-03,
       2.67833588e-03, 2.52744369e-03, 4.33814945e-03, 4.18725749e-03,
       6.60153199e-03, 8.37451499e-03, 2.33882852e-03, 4.75310301e-03,
       8.71402211e-03, 2.56516668e-03, 2.90467404e-03, 3.77230393e-03,
       2.33882852e-03, 1.92387495e-03, 5.62073290e-03, 3.47051956e-03,
       3.73458094e-03, 4.82854899e-03, 3.05556622e-03, 3.24418140e-03,
       4.37587267e-03, 2.18793633e-03, 2.15021311e-03, 3.73458094e-03,
       2.03704415e-03, 1.10151274e-02, 3.54596577e-03, 3.35735036e-03,
       6.63925475e-03, 2.48972047e-03, 7.77094625e-03, 5.01716416e-03,
       5.31894853e-03, 4.30042623e-03, 6.60153199e-03, 4.90399497e-03,
       2.90467404e-03, 1.96159794e-03, 6.63925475e-03, 3.09328921e-03,
       2.67833588e-03, 2.52744369e-03, 3.62141174e-03, 7.80866900e-03,
       4.67765704e-03, 2.07476714e-03, 9.95888188e-03, 2.41427450e-03,
       7.05420831e-03, 7.43143866e-03, 3.16873519e-03, 3.88547312e-03,
       3.69685772e-03, 7.16737751e-03, 3.50824255e-03, 4.79082577e-03,
       3.13101220e-03, 3.39507358e-03, 2.60288967e-03, 2.45199748e-03,
       2.75378185e-03, 3.88547312e-03, 4.75310301e-03, 5.92251727e-03,
       4.03636508e-03, 5.80934808e-03, 7.12965429e-03, 3.81002692e-03,
       2.90467404e-03, 1.65981371e-02, 7.09193153e-03, 3.13101220e-03,
       2.30110530e-03, 4.60221060e-03, 2.22565932e-03, 2.11249013e-03,
       5.31894853e-03, 3.92319588e-03, 5.16805612e-03, 5.88479405e-03,
       1.49383238e-02, 5.05488738e-03, 3.01784324e-03, 3.47051956e-03,
       5.05488738e-03, 3.39507358e-03, 4.90399497e-03, 2.19170861e-02,
       3.35735036e-03, 2.56516668e-03, 2.18793633e-03, 1.72394291e-02,
       3.13101220e-03, 3.84774990e-03, 4.94171819e-03, 3.35735036e-03,
       7.43143866e-03, 1.32030640e-02, 5.35667175e-03, 3.31962737e-03,
       2.64061266e-03, 2.60288967e-03, 3.96091910e-03, 5.80934808e-03,
       7.50688463e-03, 2.90467404e-03, 4.48904186e-03, 3.13101220e-03,
       3.77230393e-03, 3.47051956e-03, 4.94171819e-03, 4.48904186e-03,
       1.16941417e-02, 5.99796325e-03, 3.88547312e-03, 4.56448784e-03,
       3.13101220e-03, 3.50824255e-03, 3.81002692e-03, 6.41291670e-04,
       2.79150484e-03, 3.28190438e-03, 6.41291682e-03, 5.54528693e-03,
       3.96091910e-03, 2.94239703e-03, 5.28122531e-03, 4.07408830e-03,
       4.07408830e-03, 2.30110530e-03, 2.90467404e-03, 3.58368875e-03,
       6.60153199e-03, 3.09328921e-03, 4.07408830e-03, 4.75310301e-03,
       9.16669890e-03, 2.75378185e-03, 3.05556622e-03, 1.36557398e-02,
       3.05556622e-03, 7.09193153e-03, 1.69376452e-02, 5.35667175e-03,
       2.90467404e-03, 2.33882852e-03, 8.11045337e-03, 1.65981371e-02,
       2.60288967e-03, 2.86695105e-03, 2.26338231e-03, 3.84774990e-03,
       1.52778309e-02, 6.03568647e-03, 3.35735036e-03, 2.75378185e-03,
       3.16873519e-03, 2.64061266e-03, 5.54528693e-03, 3.58368875e-03,
       2.07476714e-03, 1.81070587e-03, 6.14885520e-03, 4.18725749e-03,
       3.92319588e-03, 4.79082577e-03, 3.20645841e-03, 5.77162486e-03,
       3.13101220e-03, 2.75378185e-03, 9.73254442e-03, 2.86695105e-03,
       5.58300968e-03, 3.88547312e-03, 4.26270347e-03, 1.38443550e-02,
       3.92319588e-03, 4.71537979e-03, 3.73458094e-03, 1.33539559e-02,
       4.07408830e-03, 3.65913473e-03, 5.80934808e-03, 2.64061266e-03,
       3.01784324e-03 ]
