%YAML:1.0
mandawa-19mar34_32: !!opencv-matrix
   rows: 1
   cols: 200
   dt: f
   data: [ 1.96878077e-03, 6.18759636e-03, 5.62508777e-03,
       3.09379818e-03, 5.20320609e-03, 3.09379818e-03, 3.93756153e-03,
       2.39066221e-03, 4.78132442e-03, 3.93756153e-03, 6.60947803e-03,
       2.67191660e-02, 2.29222327e-02, 2.67191674e-03, 3.79693415e-03,
       3.09379818e-03, 1.12501753e-03, 1.04064122e-02, 4.92195180e-03,
       5.62508777e-03, 5.24539426e-02, 3.93756153e-03, 5.20320609e-03,
       5.90634206e-03, 3.37505247e-03, 3.37505247e-03, 3.37505247e-03,
       3.23442533e-03, 9.84390383e-04, 9.42202192e-03, 7.03135971e-03,
       4.50007012e-03, 3.79693415e-03, 9.84390383e-04, 1.82815350e-03,
       4.07818845e-03, 2.81254388e-03, 3.09379818e-03, 2.10940791e-03,
       7.03135971e-03, 2.53128936e-03, 4.78132442e-03, 2.10940791e-03,
       9.84390383e-04, 2.95317103e-03, 7.87512306e-03, 5.34383347e-03,
       2.95317103e-03, 3.09379818e-03, 3.79693415e-03, 1.96878077e-03,
       1.26564468e-03, 2.81254388e-03, 4.78132442e-03, 1.26564468e-03,
       2.67191674e-03, 5.48446039e-03, 1.82815350e-03, 3.09379818e-03,
       4.64069750e-03, 3.37505247e-03, 1.11095477e-02, 2.39066221e-03,
       9.28139500e-03, 9.56264883e-03, 2.81254388e-03, 2.67191674e-03,
       5.34383347e-03, 3.93756153e-03, 4.07818845e-03, 4.78132442e-03,
       2.67191674e-03, 4.92195180e-03, 1.12501753e-03, 2.39066221e-03,
       5.48446039e-03, 3.79693415e-03, 5.20320609e-03, 3.09379818e-03,
       6.89073233e-03, 3.23442533e-03, 1.26564475e-02, 3.65630700e-03,
       5.06257871e-03, 1.22345658e-02, 2.95317103e-03, 1.40627194e-03,
       4.64069750e-03, 2.95317103e-03, 3.51567985e-03, 2.67191674e-03,
       3.79693415e-03, 2.81254388e-03, 2.53128936e-03, 2.67191674e-03,
       1.01251574e-02, 2.39066221e-03, 5.34383347e-03, 3.37505247e-03,
       3.37505247e-03, 1.26564468e-03, 4.64069750e-03, 3.24848816e-02,
       3.65630700e-03, 1.82815350e-03, 1.12501753e-03, 6.18759636e-03,
       6.75010495e-03, 1.12501753e-03, 3.79693415e-03, 3.79693415e-03,
       4.21881583e-03, 4.92195180e-03, 2.39066221e-03, 4.35944274e-03,
       6.60947803e-03, 3.51567985e-03, 3.93756153e-03, 4.35944274e-03,
       7.73449568e-03, 2.10940791e-03, 9.84390359e-03, 2.67191674e-03,
       3.93756153e-03, 6.04696944e-03, 5.62508777e-03, 1.22345658e-02,
       2.65785400e-02, 2.25003506e-03, 3.23442533e-03, 3.51567985e-03,
       2.95317103e-03, 3.23442533e-03, 4.35944274e-03, 2.53128936e-03,
       3.51567985e-03, 2.39066221e-03, 2.25003506e-03, 5.20320609e-03,
       1.96878077e-03, 5.48446039e-03, 2.95317103e-03, 3.51567985e-03,
       1.82815350e-03, 2.67191674e-03, 3.37505247e-03, 2.95317103e-03,
       7.31261401e-03, 2.53128936e-03, 1.68752624e-03, 2.67191674e-03,
       4.35944274e-03, 7.31261401e-03, 1.12501753e-03, 9.14076716e-03,
       8.01574998e-03, 3.09379818e-03, 2.29222327e-02, 1.20939389e-02,
       2.25003506e-03, 2.25003506e-03, 1.26564468e-03, 1.01251574e-02,
       4.21881583e-03, 1.68752624e-03, 3.23442533e-03, 2.81254388e-03,
       8.01574998e-03, 2.81254388e-03, 2.53128936e-03, 2.25003506e-03,
       2.81254388e-03, 2.81254388e-03, 3.23442533e-03, 2.10940791e-03,
       6.75010495e-03, 8.57825857e-03, 4.78132442e-03, 2.10940791e-03,
       3.23442533e-03, 9.42202192e-03, 4.21881583e-03, 4.21881583e-03,
       2.39066221e-03, 2.67191674e-03, 3.65630700e-03, 2.81254388e-03,
       3.09379818e-03, 4.35944274e-03, 2.53128936e-03, 9.70327575e-03,
       2.95317103e-03, 6.32822374e-03, 2.67191674e-03, 1.36408377e-02,
       4.78132442e-03, 2.39066221e-03, 4.50007012e-03, 2.81254388e-03,
       1.54689909e-03 ]
