%YAML:1.0
mandawa-19mar29_2: !!opencv-matrix
   rows: 1
   cols: 200
   dt: f
   data: [ 2.31784745e-03, 3.82948713e-03, 1.13876853e-02,
       2.11629551e-03, 4.53491881e-03, 5.44190267e-03, 3.22483131e-03,
       9.77526978e-03, 2.11629551e-03, 4.93802316e-03, 7.96130206e-03,
       6.55043870e-03, 2.88219303e-02, 4.03103931e-03, 3.12405522e-03,
       4.53491881e-03, 5.74423093e-03, 8.16285424e-03, 3.22483131e-03,
       1.71319162e-03, 1.07830297e-02, 2.82172742e-03, 2.62017548e-03,
       2.21707160e-03, 2.62017548e-03, 5.24035096e-03, 2.82172742e-03,
       7.35664647e-03, 3.42638325e-03, 1.07830297e-02, 9.47294198e-03,
       2.62017548e-03, 4.53491881e-03, 3.02327937e-03, 6.24811044e-03,
       3.62793519e-03, 2.92250328e-03, 1.81396760e-03, 4.63569490e-03,
       6.95354259e-03, 7.35664647e-03, 3.42638325e-03, 4.13181493e-03,
       4.23259102e-03, 1.81396760e-03, 1.12869097e-02, 2.01551965e-03,
       3.82948713e-03, 2.21707160e-03, 4.63569490e-03, 2.31784745e-03,
       2.92250328e-03, 7.86052644e-03, 6.04655873e-03, 1.81396760e-03,
       2.01551965e-03, 4.23259102e-03, 2.92250328e-03, 5.74423093e-03,
       4.03103931e-03, 1.23954453e-02, 1.10853580e-03, 3.93026322e-03,
       1.24962209e-02, 6.85276650e-03, 2.82172742e-03, 2.41862354e-03,
       2.92250328e-03, 4.03103931e-03, 5.34112705e-03, 2.72095134e-03,
       2.92250328e-03, 2.51939939e-03, 2.51939939e-03, 2.82172742e-03,
       9.06983763e-03, 3.32560739e-03, 3.72871128e-03, 3.02327937e-03,
       2.82172742e-03, 6.75199041e-03, 8.76750983e-03, 2.11629551e-03,
       1.81396760e-03, 3.62793519e-03, 6.75199041e-03, 2.31784745e-03,
       3.42638325e-03, 3.12405522e-03, 1.20931177e-03, 3.93026322e-03,
       3.82948713e-03, 2.21707160e-03, 3.52715934e-03, 2.62017548e-03,
       6.95354259e-03, 7.96130206e-03, 1.20931177e-03, 2.51939939e-03,
       9.77526978e-03, 4.43414319e-03, 2.82172742e-03, 2.42870115e-02,
       3.12405522e-03, 6.75199041e-03, 3.22483131e-03, 5.24035096e-03,
       6.04655885e-04, 1.78373475e-02, 6.04655873e-03, 1.10853580e-03,
       3.72871128e-03, 9.77526978e-03, 2.51939939e-03, 1.20931177e-03,
       4.03103931e-03, 3.72871128e-03, 5.34112705e-03, 6.24811044e-03,
       3.72871128e-03, 1.71319162e-03, 1.71319162e-03, 6.85276650e-03,
       4.33336711e-03, 1.00775978e-04, 5.44190267e-03, 2.21707160e-03,
       2.81164981e-02, 5.13957487e-03, 1.74342450e-02, 1.91474357e-03,
       2.11629551e-03, 3.02327937e-03, 3.93026322e-03, 2.62017548e-03,
       3.93026322e-03, 3.93026322e-03, 4.43414319e-03, 2.41862354e-03,
       4.73647099e-03, 3.82948713e-03, 2.11629551e-03, 4.13181493e-03,
       2.21707160e-03, 4.13181493e-03, 2.21707160e-03, 2.62017548e-03,
       1.61241565e-03, 2.82172742e-03, 3.62793519e-03, 5.84500656e-03,
       6.65121479e-03, 1.10853575e-02, 4.03103931e-03, 9.87604633e-03,
       3.72871128e-03, 3.32560739e-03, 1.87443327e-02, 1.93489883e-02,
       1.04807019e-02, 3.22483131e-03, 1.27985496e-02, 1.95505396e-02,
       2.41862354e-03, 3.62793519e-03, 8.26362986e-03, 3.02327937e-03,
       2.82172742e-03, 6.04655873e-03, 2.31784745e-03, 1.10853580e-03,
       1.20931177e-03, 6.34888653e-03, 2.51939939e-03, 3.62793519e-03,
       1.00775983e-03, 2.41862354e-03, 4.23259102e-03, 2.62017548e-03,
       3.72871128e-03, 4.53491881e-03, 5.24035096e-03, 3.42638325e-03,
       3.42638325e-03, 4.03103931e-03, 2.72095134e-03, 4.43414319e-03,
       5.94578264e-03, 4.93802316e-03, 3.82948713e-03, 2.51939939e-03,
       6.14733482e-03, 1.61241565e-03, 3.93026322e-03, 1.51163968e-03,
       2.21707160e-03, 1.91474357e-03, 6.95354259e-03, 3.52715934e-03,
       1.06822541e-02 ]
