%YAML:1.0
mandawa-19mar32_22: !!opencv-matrix
   rows: 1
   cols: 200
   dt: f
   data: [ 3.31812515e-03, 8.84833373e-03, 3.73289082e-03,
       6.56712288e-03, 2.48859380e-03, 4.14765626e-03, 3.87114612e-03,
       4.97718761e-03, 1.40329041e-02, 2.97248713e-03, 3.24899750e-03,
       4.07852884e-03, 6.56712288e-03, 3.45638045e-03, 3.73289082e-03,
       3.59463552e-03, 2.90335948e-03, 4.21678415e-03, 4.63154959e-03,
       3.94027354e-03, 4.14765626e-03, 3.11074243e-03, 3.87114612e-03,
       3.66376317e-03, 5.94497425e-03, 7.32752634e-03, 2.69597676e-03,
       2.14295578e-03, 2.35033873e-03, 4.70067747e-03, 4.42416687e-03,
       6.42886758e-03, 2.48859380e-03, 2.21208343e-03, 6.56712288e-03,
       4.90806019e-03, 6.29061228e-03, 1.52080739e-03, 4.76980489e-03,
       5.04631549e-03, 3.87114612e-03, 3.66376317e-03, 3.80201847e-03,
       3.80201847e-03, 3.45638045e-03, 2.35033873e-03, 4.42416687e-03,
       6.22148486e-03, 5.04631549e-03, 3.31812515e-03, 5.11544291e-03,
       2.28121108e-03, 1.32725006e-02, 5.32282563e-03, 4.90806019e-03,
       6.15235697e-03, 4.42416687e-03, 3.31812515e-03, 3.66376317e-03,
       2.76510417e-03, 5.25369821e-03, 2.97248713e-03, 8.98658857e-03,
       2.42637899e-02, 1.23047139e-02, 2.21208343e-03, 2.48859380e-03,
       9.26309917e-03, 2.41946615e-03, 3.94027354e-03, 4.07852884e-03,
       5.18457033e-03, 2.83423183e-03, 2.83423183e-03, 4.97718761e-03,
       2.07382813e-03, 3.11074243e-03, 4.21678415e-03, 4.28591156e-03,
       2.21208343e-03, 5.87584684e-03, 4.76980489e-03, 6.70537772e-03,
       2.41946615e-03, 2.21208343e-03, 3.59463552e-03, 3.59463552e-03,
       4.21678415e-03, 2.62684911e-03, 1.04382690e-02, 1.93557306e-03,
       3.31812515e-03, 4.90806019e-03, 3.87114612e-03, 4.90806019e-03,
       2.76510417e-03, 4.63154959e-03, 1.91483479e-02, 4.97718761e-03,
       4.14765626e-03, 3.31812515e-03, 3.24899750e-03, 5.11544291e-03,
       4.49329428e-03, 7.18927104e-03, 3.52550787e-03, 2.89644673e-02,
       4.28591156e-03, 3.45638045e-03, 3.59463552e-03, 2.76510417e-03,
       5.53020835e-03, 3.52550787e-03, 5.53020835e-03, 3.31812515e-03,
       4.28591156e-03, 5.11544291e-03, 6.63625030e-03, 5.46108093e-03,
       4.90806019e-03, 3.31812515e-03, 1.93557292e-02, 4.70067747e-03,
       8.29531252e-03, 6.29061228e-03, 7.18927104e-03, 3.38725280e-03,
       4.70067747e-03, 4.42416687e-03, 8.01880285e-03, 3.52550787e-03,
       4.00940143e-03, 3.52550787e-03, 3.52550787e-03, 3.31812515e-03,
       2.83423183e-03, 2.69597676e-03, 3.45638045e-03, 4.63154959e-03,
       5.39195351e-03, 3.17986985e-03, 4.63154959e-03, 4.00940143e-03,
       1.22355865e-02, 4.21678415e-03, 2.90335948e-03, 3.87114612e-03,
       4.14765626e-03, 6.01410167e-03, 4.90806019e-03, 2.98631266e-02,
       3.94027354e-03, 3.11074243e-03, 4.56242217e-03, 2.28121108e-03,
       4.76980489e-03, 2.97248713e-03, 2.41946615e-03, 3.80201847e-03,
       8.43356829e-03, 3.31812515e-03, 2.21208343e-03, 3.45638045e-03,
       2.35033873e-03, 4.42416687e-03, 1.20973317e-02, 4.63154959e-03,
       5.53020835e-03, 3.45638045e-03, 2.41946615e-03, 3.66376317e-03,
       2.18443237e-02, 3.17986985e-03, 8.50269571e-03, 1.52080739e-03,
       3.87114612e-03, 2.69597676e-03, 3.59463552e-03, 3.38725280e-03,
       2.48859380e-03, 4.70067747e-03, 3.52550787e-03, 4.63154959e-03,
       4.97718761e-03, 3.94027354e-03, 2.62684911e-03, 6.84363302e-03,
       2.90335948e-03, 5.04631549e-03, 2.76510417e-03, 3.52550787e-03,
       4.21678415e-03, 4.76980489e-03, 2.90335948e-03, 2.41946615e-03,
       5.32282563e-03, 4.35503945e-03, 2.21208343e-03, 4.76980489e-03,
       5.66846365e-03 ]
