%YAML:1.0
mandawa052: !!opencv-matrix
   rows: 1
   cols: 200
   dt: f
   data: [ 4.74017905e-03, 1.89607160e-03, 2.90335971e-03,
       9.59886238e-03, 1.59981044e-03, 2.90335971e-03, 5.15494449e-03,
       3.91064771e-03, 5.74746681e-03, 2.90335971e-03, 3.31812538e-03,
       3.79214319e-03, 6.75475504e-03, 2.96261185e-03, 4.38466575e-03,
       4.74017905e-03, 2.07382836e-03, 6.63625076e-03, 3.08111636e-03,
       2.19233287e-03, 6.93251193e-03, 1.65906269e-03, 5.86597156e-03,
       1.83681934e-03, 5.33270137e-03, 3.25887301e-03, 3.91064771e-03,
       3.08111636e-03, 1.08431596e-02, 2.78485520e-03, 4.08840459e-03,
       4.32541315e-03, 2.31083715e-03, 5.09569235e-03, 3.55513417e-03,
       3.73289105e-03, 2.18048226e-02, 2.42934166e-03, 1.83681934e-03,
       9.12484434e-03, 6.45849388e-03, 2.13308050e-03, 3.25887301e-03,
       5.98447584e-03, 3.31812538e-03, 2.19233287e-03, 7.99905229e-03,
       8.17680918e-03, 6.51774602e-03, 2.60709855e-03, 5.92522370e-03,
       1.54055818e-03, 1.11394208e-02, 3.55513417e-03, 2.72560283e-03,
       1.08431596e-02, 8.05830397e-03, 2.96261185e-03, 4.50317003e-03,
       1.89607160e-03, 1.08431596e-02, 4.26616101e-03, 9.95437615e-03,
       5.09569235e-03, 2.42934171e-02, 6.16223272e-03, 3.19962087e-03,
       1.90792195e-02, 1.89607160e-03, 4.20690887e-03, 2.66635069e-03,
       6.04372844e-03, 7.34727737e-03, 3.61438654e-03, 5.56971040e-03,
       3.67363868e-03, 3.02186422e-03, 6.45849388e-03, 1.59981044e-03,
       4.08840459e-03, 4.79943119e-03, 7.52503425e-03, 4.85868333e-03,
       3.43662966e-03, 4.85868333e-03, 7.34727737e-03, 3.85139533e-03,
       3.79214319e-03, 6.45849388e-03, 1.16726905e-02, 4.08840459e-03,
       3.43662966e-03, 2.01457599e-03, 3.14036850e-03, 3.96989984e-03,
       2.90335971e-03, 3.49588203e-03, 1.83681934e-03, 1.59981044e-03,
       5.09569235e-03, 5.27344923e-03, 3.25887301e-03, 7.28802523e-03,
       1.42205367e-03, 1.32725015e-02, 5.68821467e-03, 3.91064771e-03,
       1.48130592e-03, 1.12579251e-03, 2.90335971e-03, 3.19962087e-03,
       3.02186422e-03, 2.54784618e-03, 3.02186422e-03, 7.99905229e-03,
       3.37737752e-03, 7.05101620e-03, 1.95532385e-03, 5.33270137e-03,
       5.39195351e-03, 9.30260122e-03, 1.37465186e-02, 5.68821467e-03,
       1.39835281e-02, 2.72560283e-03, 4.79943119e-03, 1.71831483e-03,
       3.43662966e-03, 3.31812538e-03, 1.65906269e-03, 4.08840459e-03,
       2.84410734e-03, 1.51093202e-02, 2.31083715e-03, 1.65906269e-03,
       5.21419710e-03, 2.90335971e-03, 1.48130592e-03, 7.40652950e-03,
       1.30947446e-02, 8.29531346e-03, 3.31812538e-03, 2.31083715e-03,
       1.95532385e-03, 2.84410734e-03, 1.54055818e-03, 3.14036850e-03,
       2.01457599e-03, 4.85868333e-03, 5.15494449e-03, 6.75475504e-03,
       2.42934166e-03, 5.03644021e-03, 5.45120565e-03, 3.43662966e-03,
       1.00728800e-03, 2.78485520e-03, 3.37737752e-03, 1.65906269e-03,
       1.71831483e-03, 2.66635069e-03, 1.83681934e-03, 9.59886238e-03,
       3.85139533e-03, 5.86597156e-03, 2.00272556e-02, 3.14036850e-03,
       5.27344923e-03, 4.85868333e-03, 3.49588203e-03, 3.55513417e-03,
       2.84410734e-03, 3.43662966e-03, 2.31083715e-03, 2.00865082e-02,
       1.29762404e-02, 5.21419710e-03, 3.08111636e-03, 9.71736666e-03,
       2.60709855e-03, 4.38466575e-03, 2.78485520e-03, 6.63625076e-03,
       5.33270137e-03, 3.49588203e-03, 1.06654025e-03, 3.08111636e-03,
       6.04372844e-03, 1.12579251e-02, 2.13308050e-03, 5.21419710e-03,
       3.96989984e-03, 2.01457599e-03, 4.26616101e-03, 2.84410734e-03,
       4.91793593e-03, 4.44391789e-03, 2.07382836e-03, 7.16952095e-03,
       6.16223272e-03 ]
