%YAML:1.0
mandawa-19mar36_11: !!opencv-matrix
   rows: 1
   cols: 200
   dt: f
   data: [ 4.01419681e-03, 5.65414270e-03, 4.94431518e-03,
       2.27634329e-03, 2.57006497e-03, 2.98617058e-03, 4.11210395e-03,
       1.86023745e-03, 3.50018358e-03, 9.00746603e-03, 6.87798345e-03,
       8.00391659e-03, 2.57740803e-02, 3.76942847e-03, 3.57361417e-03,
       2.64349533e-03, 3.35332286e-03, 1.27768945e-02, 5.82548045e-03,
       3.32884607e-03, 3.63480598e-02, 2.91274022e-03, 6.14367891e-03,
       5.01774577e-03, 2.20291270e-03, 2.66797212e-03, 2.32529687e-03,
       3.91628966e-03, 2.42320402e-03, 1.25321262e-02, 1.87247582e-02,
       2.91274022e-03, 3.37779964e-03, 4.79745446e-03, 1.86023745e-03,
       2.61901855e-03, 2.52111140e-03, 1.95814483e-03, 2.20291270e-03,
       9.98653844e-03, 5.06669935e-03, 4.74850088e-03, 2.34977365e-03,
       6.63321512e-03, 1.66442303e-03, 8.66479054e-03, 2.17843591e-03,
       1.98262162e-03, 4.77297790e-03, 5.45832841e-03, 3.13303154e-03,
       5.26251411e-03, 4.03867336e-03, 5.92338759e-03, 2.74140248e-03,
       5.40937483e-03, 1.21160205e-02, 3.47570679e-03, 5.53175900e-03,
       3.20646190e-03, 4.25896468e-03, 2.22738972e-03, 1.76233030e-03,
       3.94076621e-03, 7.58781098e-03, 2.71692569e-03, 2.93721701e-03,
       3.76942847e-03, 6.48635440e-03, 4.99326922e-03, 2.61901855e-03,
       2.17843591e-03, 1.98262162e-03, 3.23093869e-03, 2.93721701e-03,
       8.56688304e-04, 3.64704453e-03, 2.59454176e-03, 4.67507029e-03,
       2.59454176e-03, 3.59809096e-03, 1.10390410e-02, 2.12948234e-03,
       2.52111140e-03, 1.44168409e-02, 8.22420791e-03, 4.52820957e-03,
       4.62611672e-03, 3.67152132e-03, 1.07697956e-03, 2.00709840e-03,
       2.39872723e-03, 2.03157519e-03, 3.35332286e-03, 3.59809096e-03,
       1.42944567e-02, 4.79745446e-03, 2.74140248e-03, 2.47215759e-03,
       1.00110145e-02, 4.62611672e-03, 3.27989249e-03, 1.57875419e-02,
       2.59454176e-03, 1.88471423e-03, 2.20291270e-03, 1.67421382e-02,
       1.41965493e-03, 3.72047490e-03, 2.25186651e-03, 2.79035629e-03,
       4.40582540e-03, 5.97234117e-03, 3.52466060e-03, 2.27634329e-03,
       1.93856321e-02, 2.34977365e-03, 3.59809096e-03, 4.18553455e-03,
       3.27989249e-03, 2.22738972e-03, 1.16509609e-02, 5.28699066e-03,
       2.93721701e-03, 1.10145635e-03, 4.43030242e-03, 1.24831721e-02,
       5.09117637e-03, 5.09117637e-03, 3.08407797e-03, 2.17843591e-03,
       3.40227643e-03, 1.95814483e-03, 3.03512439e-03, 4.03867336e-03,
       4.01419681e-03, 3.52466060e-03, 6.58426154e-03, 2.52111140e-03,
       5.72757330e-03, 2.54558818e-03, 2.79035629e-03, 2.32529687e-03,
       3.47570679e-03, 2.81483307e-03, 2.91274022e-03, 2.08052876e-03,
       3.64704453e-03, 3.32884607e-03, 6.07024878e-03, 3.25541547e-03,
       1.19202062e-02, 1.81128387e-03, 2.59454176e-03, 9.25223343e-03,
       9.98653844e-03, 2.39872723e-03, 1.38783511e-02, 1.26789873e-02,
       3.37779964e-03, 2.42320402e-03, 1.14796236e-02, 1.65218469e-02,
       5.28699066e-03, 1.83576066e-03, 2.69244891e-03, 2.15395913e-03,
       1.19446823e-02, 8.05286970e-03, 1.49308529e-03, 2.08052876e-03,
       3.62256775e-03, 2.86378665e-03, 4.06315038e-03, 2.93721701e-03,
       8.32211517e-04, 2.10500555e-03, 3.72047490e-03, 3.25541547e-03,
       2.37425044e-03, 1.31930001e-02, 2.17843591e-03, 6.46187738e-03,
       3.13303154e-03, 3.69599811e-03, 7.41647324e-03, 2.71692569e-03,
       4.82193148e-03, 3.84285906e-03, 3.47570679e-03, 7.75914825e-03,
       2.57006497e-03, 4.28344170e-03, 3.20646190e-03, 7.68571813e-03,
       3.03512439e-03, 2.08052876e-03, 9.76624712e-03, 3.79390549e-03,
       3.15750833e-03 ]
