%YAML:1.0
mandawa-19mar33_12: !!opencv-matrix
   rows: 1
   cols: 200
   dt: f
   data: [ 1.95763120e-03, 5.52331703e-03, 6.08264003e-03,
       3.91526241e-03, 2.65678531e-03, 3.35593941e-03, 7.55086355e-03,
       6.57204818e-03, 4.05509351e-03, 4.54450119e-03, 5.80297876e-03,
       1.20254494e-02, 2.39809845e-02, 5.24365529e-03, 3.84534732e-03,
       5.03390934e-03, 2.65678531e-03, 7.41103292e-03, 1.74788514e-03,
       3.28602409e-03, 3.02034542e-02, 4.26483946e-03, 2.72670086e-03,
       4.61441651e-03, 2.30720825e-03, 3.21610854e-03, 1.67796970e-03,
       5.80297876e-03, 3.21610854e-03, 9.64832585e-03, 9.92798712e-03,
       5.52331703e-03, 3.84534732e-03, 4.12500883e-03, 3.84534732e-03,
       3.14619322e-03, 4.54450119e-03, 3.28602409e-03, 3.21610854e-03,
       1.09767187e-02, 5.66314766e-03, 2.37712380e-03, 4.26483946e-03,
       6.43221708e-03, 2.02754675e-03, 1.02775646e-02, 3.00636236e-03,
       3.00636236e-03, 3.63560114e-03, 1.95763120e-03, 1.04873104e-03,
       4.47458588e-03, 6.08264003e-03, 5.03390934e-03, 3.21610854e-03,
       5.80297876e-03, 8.73942580e-03, 2.86653149e-03, 2.51695467e-03,
       5.17373998e-03, 4.05509351e-03, 2.93644704e-03, 3.42585472e-03,
       7.83052482e-03, 5.03390934e-03, 2.65678531e-03, 3.28602409e-03,
       5.17373998e-03, 3.49577027e-03, 6.50213240e-03, 3.28602409e-03,
       5.59323234e-03, 5.17373998e-03, 3.07627767e-03, 2.79661617e-03,
       5.38348593e-03, 4.05509351e-03, 4.12500883e-03, 3.35593941e-03,
       7.34111760e-03, 7.48094823e-03, 7.48094823e-03, 3.21610854e-03,
       3.07627767e-03, 6.85170945e-03, 6.50213240e-03, 1.04873104e-03,
       1.22351954e-02, 3.77543177e-03, 2.37712380e-03, 2.79661617e-03,
       3.14619322e-03, 2.65678531e-03, 3.21610854e-03, 5.66314766e-03,
       7.20128650e-03, 3.49577027e-03, 2.58686999e-03, 4.26483946e-03,
       7.90044107e-03, 3.14619322e-03, 2.58686999e-03, 1.83877517e-02,
       3.42585472e-03, 2.30720825e-03, 2.79661617e-03, 5.66314766e-03,
       4.89407824e-03, 1.74788514e-03, 2.72670086e-03, 2.86653149e-03,
       3.00636236e-03, 5.17373998e-03, 2.93644704e-03, 5.17373998e-03,
       6.22247113e-03, 4.40467056e-03, 4.54450119e-03, 1.74788514e-03,
       6.15255535e-03, 2.09746207e-03, 5.45340171e-03, 5.52331703e-03,
       4.33475524e-03, 2.02754675e-03, 3.70551646e-03, 6.71187881e-03,
       1.38432505e-02, 1.60805427e-03, 3.91526241e-03, 3.21610854e-03,
       4.40467056e-03, 4.12500883e-03, 6.57204818e-03, 3.63560114e-03,
       2.86653149e-03, 2.37712380e-03, 4.61441651e-03, 3.14619322e-03,
       4.75424761e-03, 3.63560114e-03, 4.05509351e-03, 3.56568559e-03,
       2.93644704e-03, 3.00636236e-03, 5.73306298e-03, 3.98517819e-03,
       3.98517819e-03, 2.51695467e-03, 5.24365529e-03, 3.07627767e-03,
       8.04027170e-03, 5.66314766e-03, 2.30720825e-03, 6.29238645e-03,
       3.56568559e-03, 2.72670086e-03, 2.37712376e-02, 1.02775646e-02,
       5.24365529e-03, 5.24365529e-03, 3.14619322e-03, 9.15891770e-03,
       5.10382466e-03, 3.77543177e-03, 4.26483946e-03, 4.19492414e-03,
       5.66314766e-03, 5.80297876e-03, 2.23729294e-03, 3.00636236e-03,
       4.61441651e-03, 4.96399356e-03, 4.19492414e-03, 3.42585472e-03,
       3.28602409e-03, 1.11165494e-02, 4.33475524e-03, 7.69069418e-04,
       3.21610854e-03, 4.12500883e-03, 7.27120228e-03, 2.58686999e-03,
       3.42585472e-03, 4.75424761e-03, 3.70551646e-03, 4.12500883e-03,
       3.28602409e-03, 5.66314766e-03, 2.44703912e-03, 2.02055518e-02,
       2.09746207e-03, 3.98517819e-03, 2.44703912e-03, 1.41229117e-02,
       5.80297876e-03, 3.84534732e-03, 6.92162523e-03, 3.70551646e-03,
       4.96399356e-03 ]
