%YAML:1.0
mandawa-19mar43_2: !!opencv-matrix
   rows: 1
   cols: 200
   dt: f
   data: [ 2.69170175e-03, 7.45141832e-03, 9.02704895e-03,
       7.51706958e-03, 5.02232183e-03, 7.97662884e-03, 4.39863466e-03,
       1.02087716e-02, 3.87342460e-03, 3.97190126e-03, 5.31775225e-03,
       6.03991607e-03, 7.58272083e-03, 9.12552606e-03, 1.14889711e-03,
       6.07274193e-03, 4.95667057e-03, 4.69406554e-03, 3.21691204e-03,
       4.46428591e-03, 5.08797308e-03, 4.43146052e-03, 3.90625000e-03,
       3.61081958e-03, 5.58035739e-04, 1.80540979e-03, 1.77258416e-03,
       1.09965866e-02, 4.03755251e-03, 6.23686984e-03, 1.12591917e-02,
       4.23450675e-03, 5.18644974e-03, 5.31775225e-03, 4.23450675e-03,
       4.75971680e-03, 5.15362434e-03, 4.20168089e-03, 2.42909673e-03,
       1.18172271e-02, 5.05514722e-03, 2.10084044e-03, 6.79490576e-03,
       8.92857183e-03, 3.57799395e-03, 1.43448012e-02, 3.31538892e-03,
       6.00709068e-03, 6.63077785e-03, 1.24737399e-03, 2.59322487e-03,
       6.26969570e-03, 1.07011562e-02, 6.89338287e-03, 3.18408641e-03,
       7.54989544e-03, 9.78203863e-03, 1.57563039e-03, 1.44432776e-03,
       3.51234269e-03, 7.02468539e-03, 3.61081958e-03, 6.13839319e-03,
       1.10950638e-02, 3.77494772e-03, 1.73975853e-03, 3.64364521e-03,
       4.20168089e-03, 5.41622937e-03, 4.07037837e-03, 2.82300427e-03,
       7.58272083e-03, 4.30015801e-03, 3.28256330e-03, 3.67647083e-03,
       8.53466429e-03, 6.49947533e-03, 3.70929646e-03, 3.31538892e-03,
       3.70929646e-03, 5.08797308e-03, 5.64600853e-03, 4.36580926e-03,
       5.12079848e-03, 2.56039924e-03, 1.01102944e-02, 2.49474798e-03,
       9.97899193e-03, 7.41859293e-03, 5.87578816e-03, 3.87342460e-03,
       2.26496859e-03, 1.93671230e-03, 3.74212209e-03, 5.90861356e-03,
       4.49711177e-03, 4.59558843e-03, 3.15126078e-03, 2.82300427e-03,
       6.95903413e-03, 6.69642910e-03, 4.23450675e-03, 5.38340351e-03,
       3.05278366e-03, 3.01995804e-03, 5.54753188e-03, 4.20168089e-03,
       6.92620827e-03, 5.05514722e-03, 2.62605050e-03, 3.97190126e-03,
       1.83823542e-03, 4.13602963e-03, 3.87342460e-03, 6.00709068e-03,
       4.95667057e-03, 6.99185953e-03, 4.82536806e-03, 2.16649170e-03,
       4.39863466e-03, 2.03518919e-03, 2.29779421e-03, 5.31775225e-03,
       1.34585088e-03, 2.95430678e-03, 3.11843492e-03, 4.07037837e-03,
       1.01431198e-02, 1.87106105e-03, 6.43382408e-03, 3.41386581e-03,
       3.01995804e-03, 2.69170175e-03, 4.79254220e-03, 2.29779421e-03,
       4.62841429e-03, 2.42909673e-03, 6.17121859e-03, 2.56039924e-03,
       5.94143942e-03, 5.25210099e-03, 4.98949597e-03, 2.10084044e-03,
       3.74212209e-03, 1.90388667e-03, 3.38104018e-03, 7.97662884e-03,
       3.31538892e-03, 4.72689094e-03, 5.31775225e-03, 5.15362434e-03,
       8.23923387e-03, 1.67738982e-02, 4.92384471e-03, 5.21927560e-03,
       1.11607148e-03, 4.00472712e-03, 7.41859293e-03, 1.19813560e-02,
       8.00945424e-03, 1.37867650e-03, 7.25446455e-03, 5.94143942e-03,
       5.44905476e-03, 7.54989544e-03, 7.94380251e-03, 2.82300427e-03,
       2.29779421e-03, 9.42095648e-03, 3.51234269e-03, 3.87342460e-03,
       4.49711177e-03, 7.71402335e-03, 6.72925450e-03, 6.49947533e-03,
       9.42095648e-03, 4.26733214e-03, 2.56039924e-03, 1.90388667e-03,
       4.10320377e-03, 2.23214296e-03, 1.23424372e-02, 2.36344547e-03,
       4.66123968e-03, 1.57563039e-03, 2.42909673e-03, 4.56276303e-03,
       3.70929646e-03, 3.70929646e-03, 1.73975853e-03, 5.31775225e-03,
       2.29779421e-03, 3.74212209e-03, 6.59795199e-03, 5.28492685e-03,
       3.84059898e-03, 3.87342460e-03, 7.18881330e-03, 2.59322487e-03,
       7.94380251e-03 ]
