%YAML:1.0
mandawa-19mar22_12: !!opencv-matrix
   rows: 1
   cols: 200
   dt: f
   data: [ 1.67941779e-03, 4.29184549e-03, 2.61242758e-03,
       3.54543747e-03, 4.66504926e-03, 4.29184549e-03, 6.15786528e-03,
       3.73203959e-03, 5.59805939e-03, 2.61242758e-03, 2.79902969e-03,
       4.47844714e-03, 1.49281584e-02, 5.22485515e-03, 2.79902969e-03,
       3.35883559e-03, 4.10524337e-03, 1.21291280e-02, 6.90427283e-03,
       4.66504926e-03, 2.07128190e-02, 4.29184549e-03, 8.95689428e-03,
       5.78466104e-03, 8.21048673e-03, 7.09087495e-03, 3.17223347e-03,
       3.54543747e-03, 4.10524337e-03, 7.09087495e-03, 7.65068084e-03,
       5.59805939e-03, 2.42582569e-03, 3.17223347e-03, 4.10524337e-03,
       4.29184549e-03, 3.73203959e-03, 1.86601980e-03, 3.17223347e-03,
       3.91864125e-03, 5.97126316e-03, 6.53106906e-03, 5.03825350e-03,
       2.79902969e-03, 2.98563158e-03, 9.14349686e-03, 5.97126316e-03,
       3.73203959e-03, 3.73203959e-03, 1.10095162e-02, 4.10524337e-03,
       3.91864125e-03, 2.42582569e-03, 5.22485515e-03, 3.35883559e-03,
       1.86601980e-03, 5.03825350e-03, 1.30621379e-03, 9.14349686e-03,
       3.91864125e-03, 3.35883559e-03, 5.03825350e-03, 4.66504926e-03,
       4.85165138e-03, 1.39951482e-02, 4.66504926e-03, 3.17223347e-03,
       6.71767117e-03, 3.73203959e-03, 4.85165138e-03, 5.22485515e-03,
       4.85165138e-03, 2.79902969e-03, 2.61242758e-03, 3.73203959e-03,
       2.42582569e-03, 6.15786528e-03, 5.03825350e-03, 3.35883559e-03,
       5.22485515e-03, 5.78466104e-03, 2.14592274e-02, 3.91864125e-03,
       5.97126316e-03, 8.95689428e-03, 2.42582569e-03, 2.42582569e-03,
       5.41145727e-03, 5.78466104e-03, 5.97126316e-03, 3.17223347e-03,
       1.67941779e-03, 4.29184549e-03, 1.67941779e-03, 4.10524337e-03,
       6.90427283e-03, 1.67941779e-03, 4.66504926e-03, 2.98563158e-03,
       4.66504926e-03, 3.91864125e-03, 7.46407919e-03, 9.88990441e-03,
       4.29184549e-03, 5.97126316e-03, 2.79902969e-03, 5.59805939e-03,
       4.47844714e-03, 2.79902969e-03, 5.41145727e-03, 2.61242758e-03,
       5.41145727e-03, 2.98563158e-03, 3.54543747e-03, 6.90427283e-03,
       6.15786528e-03, 6.34446694e-03, 3.73203959e-03, 3.17223347e-03,
       1.28755365e-02, 2.79902969e-03, 8.39708839e-03, 1.67941779e-03,
       4.47844714e-03, 9.33009852e-03, 5.22485515e-03, 9.33009852e-03,
       2.42582569e-03, 2.42582569e-03, 2.98563158e-03, 3.91864125e-03,
       4.85165138e-03, 2.23922357e-03, 3.91864125e-03, 2.23922357e-03,
       5.41145727e-03, 2.61242758e-03, 3.54543747e-03, 1.67941779e-03,
       2.98563158e-03, 7.65068084e-03, 4.29184549e-03, 6.34446694e-03,
       2.23922357e-03, 2.98563158e-03, 2.42582569e-03, 5.97126316e-03,
       7.83728249e-03, 3.54543747e-03, 2.05262168e-03, 2.42582569e-03,
       8.58369097e-03, 3.35883559e-03, 2.98563158e-03, 2.98563158e-03,
       6.15786528e-03, 3.91864125e-03, 1.75405852e-02, 4.85165138e-03,
       3.91864125e-03, 3.91864125e-03, 3.17223347e-03, 8.39708839e-03,
       2.98563158e-03, 5.97126316e-03, 2.23922357e-03, 4.66504926e-03,
       6.90427283e-03, 2.98563158e-03, 3.17223347e-03, 2.79902969e-03,
       3.17223347e-03, 4.47844714e-03, 5.78466104e-03, 3.73203959e-03,
       1.04497103e-02, 8.21048673e-03, 5.41145727e-03, 3.35883559e-03,
       5.03825350e-03, 1.00765070e-02, 6.71767117e-03, 7.83728249e-03,
       2.79902969e-03, 2.98563158e-03, 6.34446694e-03, 3.17223347e-03,
       1.86601980e-03, 4.10524337e-03, 4.10524337e-03, 1.11961188e-02,
       6.71767117e-03, 5.59805939e-03, 3.35883559e-03, 5.59805939e-03,
       4.29184549e-03, 2.23922357e-03, 5.03825350e-03, 3.91864125e-03,
       3.17223347e-03 ]
