%YAML:1.0
mandawa-19mar60: !!opencv-matrix
   rows: 1
   cols: 200
   dt: f
   data: [ 2.69997818e-03, 3.30117345e-02, 6.69594621e-03,
       3.20397411e-03, 3.05997534e-03, 2.37598084e-03, 3.99596803e-03,
       4.89596045e-03, 7.81193702e-03, 4.67996253e-03, 4.31996537e-03,
       2.37598084e-03, 1.02959173e-02, 3.16797453e-03, 1.97998411e-03,
       1.83598523e-03, 1.31398942e-02, 5.39995637e-03, 6.19195029e-03,
       5.43595618e-03, 5.03995921e-03, 9.57592297e-03, 1.47598807e-03,
       6.44394802e-03, 3.70797026e-03, 9.43192374e-03, 2.37598084e-03,
       3.41997249e-03, 1.25998980e-03, 5.50795579e-03, 1.69198634e-03,
       9.25192516e-03, 3.77996964e-03, 6.19195029e-03, 1.79998553e-03,
       3.05997534e-03, 6.33594906e-03, 1.76398584e-03, 1.26358978e-02,
       5.97595191e-03, 1.40398869e-03, 5.65195456e-03, 4.42796433e-03,
       7.09194271e-03, 2.87997676e-03, 1.88998487e-02, 1.14119081e-02,
       6.15595048e-03, 3.20397411e-03, 3.77996964e-03, 2.80797738e-03,
       1.04399165e-03, 1.07279141e-02, 8.56793113e-03, 1.63798686e-02,
       4.64396272e-03, 5.11195883e-03, 2.30398146e-03, 3.59997107e-03,
       1.22039020e-02, 5.61595475e-03, 8.06393474e-03, 1.01159187e-02,
       8.45993217e-03, 5.25595760e-03, 3.38397268e-03, 5.03995921e-03,
       4.53596329e-03, 4.89596045e-03, 5.00395987e-03, 3.59997107e-03,
       1.05479155e-02, 5.00395987e-03, 1.22399011e-03, 3.16797453e-03,
       2.48398003e-03, 3.38397268e-03, 4.24796576e-03, 7.63193844e-03,
       4.03196737e-03, 1.97998411e-03, 6.29994925e-03, 2.33998126e-03,
       2.77197780e-03, 2.55597942e-03, 5.36395703e-03, 1.40398869e-03,
       9.71992151e-04, 2.23198207e-03, 1.77838560e-02, 6.83994498e-03,
       3.16797453e-03, 1.25998985e-02, 3.85196903e-03, 7.66793825e-03,
       2.33998126e-03, 2.77197780e-03, 8.89192801e-03, 2.51997961e-03,
       8.02793540e-03, 2.26798165e-03, 5.68795437e-03, 2.01598369e-03,
       2.23198207e-03, 3.77996964e-03, 2.77197780e-03, 1.24918995e-02,
       1.33558922e-02, 2.01598369e-03, 2.33998126e-03, 3.23997391e-03,
       8.67593009e-03, 2.55597942e-03, 4.75196168e-03, 3.52797168e-03,
       4.39196452e-03, 5.54395560e-03, 4.21196595e-03, 3.95996822e-03,
       5.61595475e-03, 3.13197472e-03, 6.69594621e-03, 7.16394233e-03,
       2.19598226e-03, 8.67593009e-03, 2.05198349e-03, 1.54798757e-03,
       1.07999134e-03, 5.00395987e-03, 5.57995494e-03, 3.45597230e-03,
       4.96796006e-03, 8.49593151e-03, 5.50795579e-03, 4.46396414e-03,
       4.39196452e-03, 1.54798757e-03, 4.06796718e-03, 1.58398726e-03,
       4.57196310e-03, 2.77197780e-03, 5.07595902e-03, 5.21995779e-03,
       4.35596472e-03, 2.30398146e-03, 3.02397576e-03, 2.69997818e-03,
       6.11995067e-03, 3.52797168e-03, 4.13996680e-03, 6.37194887e-03,
       4.75196168e-03, 3.45597230e-03, 9.89991985e-03, 3.20397411e-03,
       3.20397411e-03, 3.38397268e-03, 2.84397718e-03, 5.32795722e-03,
       3.92396841e-03, 2.41198065e-03, 1.54798757e-03, 2.59197922e-03,
       3.23997391e-03, 2.12398288e-03, 1.11599099e-02, 2.69997818e-03,
       3.52797168e-03, 4.85996110e-03, 3.16797453e-03, 3.56397126e-03,
       3.70797026e-03, 1.60558708e-02, 4.10396699e-03, 6.94794394e-03,
       4.46396414e-03, 6.58794679e-03, 3.52797168e-03, 2.69997818e-03,
       2.69997818e-03, 2.69997818e-03, 4.96796006e-03, 3.67197045e-03,
       4.57196310e-03, 1.87198492e-03, 2.01598369e-03, 6.19195029e-03,
       2.87997676e-03, 4.06796718e-03, 4.24796576e-03, 3.92396841e-03,
       2.73597799e-03, 3.16797453e-03, 9.71992151e-04, 2.66397861e-03,
       5.14795864e-03, 2.48398003e-03, 7.95593578e-03, 2.15998269e-03,
       5.00395987e-03 ]
