%YAML:1.0
mandawa-19mar28_1: !!opencv-matrix
   rows: 1
   cols: 200
   dt: f
   data: [ 1.67619810e-03, 3.25379614e-03, 1.06487880e-02,
       2.66219699e-03, 3.35239619e-03, 5.62019367e-03, 4.43699490e-03,
       4.33839485e-03, 4.92999423e-03, 1.97199779e-03, 7.09919166e-03,
       7.39499135e-03, 5.60047328e-02, 4.33839485e-03, 3.64819565e-03,
       3.64819565e-03, 2.76079681e-03, 2.11989749e-02, 4.33839485e-03,
       1.18319865e-03, 2.67205685e-02, 2.85939663e-03, 6.21179258e-03,
       2.95799645e-03, 3.84539552e-03, 3.74679570e-03, 4.63419454e-03,
       2.76079681e-03, 1.87339785e-03, 1.63675807e-02, 1.56773813e-02,
       3.05659650e-03, 2.95799645e-03, 3.45099601e-03, 3.54959583e-03,
       4.73279459e-03, 2.76079681e-03, 1.67619810e-03, 1.97199779e-03,
       1.16347866e-02, 4.73279459e-03, 3.45099601e-03, 3.64819565e-03,
       2.95799645e-03, 1.87339785e-03, 1.50857829e-02, 3.64819565e-03,
       2.07059761e-03, 2.76079681e-03, 7.49359140e-03, 4.73279459e-03,
       3.45099601e-03, 3.15519632e-03, 5.22579392e-03, 1.57759816e-03,
       3.25379614e-03, 4.43699490e-03, 1.97199779e-03, 7.59219099e-03,
       2.46499712e-03, 2.26779724e-03, 2.16919743e-03, 2.07059761e-03,
       5.52159362e-03, 1.30151846e-02, 1.57759816e-03, 1.77479791e-03,
       3.45099601e-03, 3.35239619e-03, 4.23979526e-03, 3.05659650e-03,
       3.35239619e-03, 3.54959583e-03, 1.87339785e-03, 1.87339785e-03,
       1.97199779e-03, 3.84539552e-03, 2.26779724e-03, 2.85939663e-03,
       1.57759816e-03, 1.87339785e-03, 1.62689816e-02, 1.77479791e-03,
       4.43699490e-03, 1.07473871e-02, 4.83139418e-03, 3.84539552e-03,
       4.53559449e-03, 4.73279459e-03, 1.77479791e-03, 1.57759816e-03,
       2.07059761e-03, 1.87339785e-03, 2.76079681e-03, 1.97199779e-03,
       1.20291859e-02, 2.56359694e-03, 3.84539552e-03, 3.15519632e-03,
       4.92999423e-03, 2.56359694e-03, 2.85939663e-03, 2.59317700e-02,
       2.95799645e-03, 5.91599289e-03, 2.36639730e-03, 8.47959053e-03,
       2.46499712e-03, 8.18379037e-03, 4.73279459e-03, 1.38039840e-03,
       4.53559449e-03, 5.02859429e-03, 1.47899822e-03, 2.16919743e-03,
       6.60619233e-03, 2.85939663e-03, 3.15519632e-03, 5.12719387e-03,
       4.14119521e-03, 1.18319865e-03, 3.25379614e-03, 4.43699490e-03,
       5.22579392e-03, 2.95799645e-03, 5.42299356e-03, 5.81739331e-03,
       1.72549803e-02, 5.22579392e-03, 9.07118898e-03, 1.47899822e-03,
       2.07059761e-03, 2.36639730e-03, 1.38039840e-03, 2.85939663e-03,
       3.64819565e-03, 2.36639730e-03, 5.32439398e-03, 3.35239619e-03,
       2.07059761e-03, 2.46499712e-03, 3.94399557e-03, 2.95799645e-03,
       1.67619810e-03, 3.74679570e-03, 2.66219699e-03, 2.07059761e-03,
       2.16919743e-03, 2.36639730e-03, 1.97199779e-03, 2.16919743e-03,
       7.39499135e-03, 5.42299356e-03, 1.77479791e-03, 6.80339197e-03,
       9.46558919e-03, 4.14119521e-03, 4.62433472e-02, 9.66278836e-03,
       1.47899822e-03, 5.52159362e-03, 1.10431872e-02, 2.39597727e-02,
       2.85939663e-03, 4.23979526e-03, 3.25379614e-03, 2.76079681e-03,
       4.43699490e-03, 4.53559449e-03, 1.57759816e-03, 8.87398957e-04,
       2.26779724e-03, 2.56359694e-03, 4.63419454e-03, 1.87339785e-03,
       3.25379614e-03, 8.97258986e-03, 4.43699490e-03, 3.15519632e-03,
       2.16919743e-03, 9.95858852e-03, 5.32439398e-03, 3.64819565e-03,
       3.54959583e-03, 2.56359694e-03, 3.05659650e-03, 4.04259516e-03,
       2.66219699e-03, 3.84539552e-03, 3.45099601e-03, 1.67619810e-03,
       5.02859429e-03, 1.87339785e-03, 2.85939663e-03, 1.18319865e-03,
       4.43699490e-03, 2.07059761e-03, 4.63419454e-03, 2.56359694e-03,
       2.07059761e-03 ]
