%YAML:1.0
mandawa-19mar32_12: !!opencv-matrix
   rows: 1
   cols: 200
   dt: f
   data: [ 4.58057364e-03, 4.52538626e-03, 1.19205294e-02,
       3.31125828e-03, 2.53863120e-03, 4.58057364e-03, 4.74613672e-03,
       2.42825598e-03, 3.31125828e-03, 2.20750552e-03, 6.67770393e-03,
       1.58940386e-02, 4.19426039e-02, 5.46357594e-03, 2.37306836e-03,
       3.03531997e-03, 1.71081675e-03, 2.31788065e-02, 2.53863120e-03,
       2.64900643e-03, 3.78035307e-02, 5.13245026e-03, 4.02869750e-03,
       4.74613672e-03, 4.19426057e-03, 3.09050758e-03, 2.86975713e-03,
       2.98013235e-03, 1.87637960e-03, 3.31125828e-03, 8.11258238e-03,
       3.03531997e-03, 3.91832227e-03, 1.71081675e-03, 1.71081675e-03,
       2.53863120e-03, 6.12582779e-03, 3.91832227e-03, 1.98675483e-03,
       8.22295807e-03, 4.24944796e-03, 4.19426057e-03, 2.81456951e-03,
       2.15231790e-03, 3.97350965e-03, 4.96688718e-03, 2.86975713e-03,
       2.15231790e-03, 3.53200873e-03, 4.35982319e-03, 2.64900643e-03,
       1.76600437e-03, 2.42825598e-03, 6.51214132e-03, 2.20750552e-03,
       3.91832227e-03, 4.47019842e-03, 1.93156733e-03, 3.86313465e-03,
       2.53863120e-03, 2.42825598e-03, 2.75938190e-03, 2.20750552e-03,
       3.25607066e-03, 9.98896174e-03, 3.09050758e-03, 2.42825598e-03,
       4.80132457e-03, 4.08388488e-03, 3.97350965e-03, 3.20088281e-03,
       3.75275919e-03, 4.47019842e-03, 1.93156733e-03, 2.42825598e-03,
       2.81456951e-03, 5.02207503e-03, 4.08388488e-03, 3.36644589e-03,
       4.13907273e-03, 1.71081675e-03, 1.45695359e-02, 3.64238396e-03,
       3.42163350e-03, 1.30242826e-02, 2.86975713e-03, 2.37306836e-03,
       4.96688718e-03, 3.91832227e-03, 2.59381882e-03, 8.27814569e-04,
       2.20750552e-03, 2.53863120e-03, 4.47019842e-03, 3.42163350e-03,
       1.44039728e-02, 3.20088281e-03, 2.26269313e-03, 3.80794681e-03,
       3.20088281e-03, 2.98013235e-03, 3.03531997e-03, 2.83112582e-02,
       2.92494474e-03, 3.58719635e-03, 1.71081675e-03, 8.44370853e-03,
       4.80132457e-03, 5.40838856e-03, 2.81456951e-03, 2.86975713e-03,
       3.64238396e-03, 6.51214132e-03, 2.20750552e-03, 3.86313465e-03,
       5.29801287e-03, 2.70419428e-03, 2.59381882e-03, 1.82119198e-03,
       8.77483375e-03, 1.15894037e-03, 5.24282549e-03, 3.36644589e-03,
       3.58719635e-03, 3.75275919e-03, 3.69757158e-03, 5.84988948e-03,
       2.40066219e-02, 2.42825598e-03, 5.35320072e-03, 2.75938190e-03,
       1.82119198e-03, 3.09050758e-03, 2.81456951e-03, 1.49006618e-03,
       3.03531997e-03, 1.82119198e-03, 4.30463580e-03, 4.63576149e-03,
       3.53200873e-03, 6.67770393e-03, 2.15231790e-03, 4.13907273e-03,
       1.60044141e-03, 1.32450322e-03, 4.69094887e-03, 3.42163350e-03,
       4.47019842e-03, 1.82119198e-03, 2.20750552e-03, 5.02207503e-03,
       5.29801287e-03, 4.19426057e-03, 1.49006618e-03, 1.13686528e-02,
       6.89845439e-03, 2.15231790e-03, 6.60596043e-02, 3.14569520e-03,
       3.53200873e-03, 2.92494474e-03, 4.13907273e-03, 1.25827808e-02,
       3.09050758e-03, 3.14569520e-03, 2.48344359e-03, 4.35982319e-03,
       7.67108146e-03, 2.59381882e-03, 3.25607066e-03, 2.04194244e-03,
       3.03531997e-03, 2.04194244e-03, 5.57395117e-03, 3.80794681e-03,
       3.69757158e-03, 1.23068430e-02, 4.41501103e-03, 2.31788075e-03,
       4.69094887e-03, 7.50551838e-03, 6.89845439e-03, 5.35320072e-03,
       2.31788075e-03, 1.43487856e-03, 5.40838856e-03, 5.79470163e-03,
       2.70419428e-03, 2.86975713e-03, 2.98013235e-03, 5.68432640e-03,
       3.09050758e-03, 3.31125828e-03, 3.64238396e-03, 6.01545256e-03,
       3.42163350e-03, 2.75938190e-03, 3.53200873e-03, 2.15231790e-03,
       3.09050758e-03 ]
