%YAML:1.0
mandawa051: !!opencv-matrix
   rows: 1
   cols: 200
   dt: f
   data: [ 5.71887707e-03, 4.30097338e-03, 2.93033361e-03,
       2.69401632e-03, 7.08951661e-03, 4.53729089e-03, 1.04452213e-02,
       3.87560250e-03, 2.12685508e-03, 3.30844126e-03, 8.31836648e-03,
       2.41043582e-03, 2.26864545e-03, 4.82087163e-03, 4.64599654e-02,
       7.79846869e-03, 5.38803264e-03, 3.54475831e-03, 7.32583413e-03,
       5.52982325e-03, 4.30097338e-03, 5.19897882e-03, 3.07212397e-03,
       1.46989319e-02, 4.30097338e-03, 4.77360794e-03, 6.09698426e-03,
       2.35371962e-02, 2.50496273e-03, 8.27110279e-03, 6.23877486e-03,
       4.01739310e-03, 4.39550029e-03, 4.49002720e-03, 5.95519412e-03,
       8.12931266e-03, 3.78107559e-03, 1.32337643e-03, 3.45023163e-03,
       2.88307015e-03, 3.30844126e-03, 6.42782869e-03, 9.12184455e-03,
       3.97012942e-03, 4.72634472e-03, 3.07212397e-03, 3.40296817e-03,
       5.38803264e-03, 3.59202176e-03, 2.59948941e-03, 7.18404353e-03,
       5.24624251e-03, 4.01739310e-03, 2.55222595e-03, 2.51441523e-02,
       6.99499017e-03, 9.92532354e-03, 1.52188297e-02, 2.74127978e-03,
       5.86066721e-03, 3.21391434e-03, 2.88307015e-03, 2.88307015e-03,
       4.39550029e-03, 2.41043582e-03, 6.66414574e-03, 3.87560250e-03,
       5.05718868e-03, 4.30097338e-03, 5.15171560e-03, 4.44276398e-03,
       5.05718868e-03, 4.34823707e-03, 5.71887707e-03, 4.77360794e-03,
       5.34076942e-03, 6.56961882e-03, 2.31590890e-03, 2.55222595e-03,
       2.31590890e-03, 4.53729089e-03, 2.78854324e-03, 3.68654868e-03,
       2.88307015e-03, 3.02486052e-03, 2.74127978e-03, 4.15918324e-03,
       3.73381213e-03, 8.36563017e-03, 5.62435016e-03, 4.53729089e-03,
       8.03478621e-03, 3.49749508e-03, 3.54475831e-03, 8.46015662e-03,
       1.93780125e-03, 3.82833905e-03, 4.25371015e-03, 1.37063991e-02,
       1.65422063e-03, 3.73381213e-03, 2.50496273e-03, 7.98752252e-03,
       8.69647413e-03, 3.21391434e-03, 3.73381213e-03, 6.00245781e-03,
       3.92286619e-03, 2.55222595e-03, 4.58455412e-03, 5.57708647e-03,
       1.70148409e-03, 5.81340399e-03, 3.54475831e-03, 3.73381213e-03,
       5.81340399e-03, 3.21391434e-03, 3.16665089e-03, 2.26864545e-03,
       2.55222595e-03, 3.59202176e-03, 4.25371015e-03, 3.68654868e-03,
       3.63928522e-03, 4.20644647e-03, 1.32337643e-03, 2.93033361e-03,
       5.52982325e-03, 3.82833905e-03, 1.88581143e-02, 4.58455412e-03,
       4.67908103e-03, 4.34823707e-03, 2.83580669e-03, 4.11191955e-03,
       3.82833905e-03, 3.16665089e-03, 5.29350573e-03, 3.92286619e-03,
       6.19151117e-03, 9.35816206e-03, 2.17411853e-03, 1.15795443e-02,
       6.99499017e-03, 3.97012942e-03, 3.54475831e-03, 4.34823707e-03,
       1.70148409e-03, 6.90046325e-03, 3.54475831e-03, 3.59202176e-03,
       2.17411853e-03, 8.12931266e-03, 2.69401632e-03, 5.34076942e-03,
       4.39550029e-03, 2.36317236e-03, 2.36317236e-03, 5.86066721e-03,
       2.36317236e-03, 3.30844126e-03, 3.63928522e-03, 2.45769927e-03,
       2.41043582e-03, 3.73381213e-03, 4.91539855e-03, 7.27857044e-03,
       5.95519412e-03, 4.39550029e-03, 2.93033361e-03, 4.01739310e-03,
       2.03232816e-03, 2.69401632e-03, 7.04225339e-03, 3.40296817e-03,
       3.63928522e-03, 2.69401632e-03, 8.36563017e-03, 3.02486052e-03,
       4.25371015e-03, 1.93780125e-03, 5.19897882e-03, 3.26117780e-03,
       5.29350573e-03, 3.73381213e-03, 2.69401632e-03, 2.88307015e-03,
       1.79601088e-03, 3.78107559e-03, 6.14424795e-03, 2.78854324e-03,
       2.50496273e-03, 4.30097338e-03, 3.16665089e-03, 3.16665089e-03,
       6.66414574e-03, 4.82087163e-03, 1.70148409e-03, 3.45023163e-03,
       3.92286619e-03 ]
