%YAML:1.0
mandawa-19mar48: !!opencv-matrix
   rows: 1
   cols: 200
   dt: f
   data: [ 3.22381989e-03, 3.98449646e-03, 1.70246679e-02,
       3.69471498e-03, 5.17984573e-03, 2.13713921e-03, 4.02071932e-03,
       1.20983804e-02, 4.99873189e-03, 5.39718196e-03, 6.88231224e-03,
       3.26004275e-03, 2.68772412e-02, 5.03495475e-03, 2.49936595e-03,
       5.03495475e-03, 4.78139613e-03, 7.38942996e-03, 3.44115612e-03,
       4.20183269e-03, 1.20259356e-02, 5.39718196e-03, 3.36871087e-03,
       5.25229098e-03, 3.04270652e-03, 3.04270652e-03, 2.68047955e-03,
       9.63523705e-03, 3.44115612e-03, 6.44763978e-03, 6.23030402e-03,
       4.09316458e-03, 4.45539178e-03, 3.33248801e-03, 3.51360161e-03,
       4.31050081e-03, 4.70895041e-03, 3.18759726e-03, 2.28202995e-03,
       3.36871087e-03, 4.27427841e-03, 2.46314332e-03, 4.70895041e-03,
       7.20831659e-03, 3.62226972e-03, 1.02148000e-02, 3.87582858e-03,
       3.91205121e-03, 3.44115612e-03, 6.19408116e-03, 4.05694218e-03,
       3.22381989e-03, 9.88879614e-03, 6.37519453e-03, 2.97026103e-03,
       4.60028229e-03, 4.67272801e-03, 2.02847109e-03, 6.01296779e-03,
       3.36871087e-03, 6.88231224e-03, 2.28202995e-03, 4.81761852e-03,
       9.34545603e-03, 7.02720322e-03, 2.17336183e-03, 2.35447520e-03,
       3.51360161e-03, 3.69471498e-03, 4.63650515e-03, 2.28202995e-03,
       5.97674493e-03, 3.44115612e-03, 2.60803406e-03, 2.68047955e-03,
       3.47737875e-03, 4.81761852e-03, 3.33248801e-03, 3.15137464e-03,
       3.40493349e-03, 3.18759726e-03, 6.84608985e-03, 4.67272801e-03,
       3.47737875e-03, 6.62875362e-03, 1.04321362e-02, 1.59379863e-03,
       3.98449646e-03, 3.98449646e-03, 2.57181143e-03, 3.29626538e-03,
       1.91980286e-03, 2.57181143e-03, 3.07892915e-03, 4.99873189e-03,
       8.00521579e-03, 4.78139613e-03, 3.00648389e-03, 3.94827407e-03,
       6.26652641e-03, 7.28076184e-03, 2.10091635e-03, 2.91230474e-02,
       2.53558881e-03, 4.38294606e-03, 3.62226972e-03, 6.30274927e-03,
       4.02071932e-03, 5.07117761e-03, 3.44115612e-03, 2.46314332e-03,
       3.54982424e-03, 5.54207247e-03, 3.07892915e-03, 3.26004275e-03,
       3.18759726e-03, 5.10740001e-03, 4.41916892e-03, 3.26004275e-03,
       4.02071932e-03, 1.59379863e-03, 3.62226972e-03, 5.17984573e-03,
       3.44115612e-03, 2.89781578e-03, 4.05694218e-03, 3.83960572e-03,
       1.12290364e-02, 3.73093784e-03, 6.73742173e-03, 3.83960572e-03,
       3.11515201e-03, 4.05694218e-03, 4.49161418e-03, 1.52135326e-03,
       4.38294606e-03, 2.68047955e-03, 5.17984573e-03, 2.78914766e-03,
       4.63650515e-03, 5.21606812e-03, 3.58604686e-03, 2.78914766e-03,
       4.09316458e-03, 1.55757600e-03, 3.58604686e-03, 4.78139613e-03,
       4.34672367e-03, 3.51360161e-03, 3.98449646e-03, 4.27427841e-03,
       5.65074058e-03, 5.36095910e-03, 3.40493349e-03, 8.29499774e-03,
       5.17984573e-03, 3.80338309e-03, 3.59329134e-02, 6.99098036e-03,
       4.85384138e-03, 2.60803406e-03, 7.82410242e-03, 2.15525050e-02,
       4.52783704e-03, 3.65849235e-03, 5.97674493e-03, 3.54982424e-03,
       4.16561030e-03, 9.52656940e-03, 4.52783704e-03, 2.97026103e-03,
       4.20183269e-03, 5.61451819e-03, 5.86807681e-03, 5.46962721e-03,
       4.34672367e-03, 2.78914766e-03, 3.36871087e-03, 4.09316458e-03,
       3.54982424e-03, 5.54207247e-03, 8.72967020e-03, 2.78914766e-03,
       4.70895041e-03, 1.95602560e-03, 3.87582858e-03, 5.68696344e-03,
       4.45539178e-03, 3.65849235e-03, 2.39069806e-03, 3.65849235e-03,
       3.15137464e-03, 2.75292504e-03, 4.70895041e-03, 3.40493349e-03,
       4.09316458e-03, 4.27427841e-03, 7.78787956e-03, 3.36871087e-03,
       5.57829533e-03 ]
