%YAML:1.0
mandawa-19mar30_2: !!opencv-matrix
   rows: 1
   cols: 200
   dt: f
   data: [ 2.54175742e-03, 2.66279350e-03, 7.98838027e-03,
       1.93657714e-03, 4.84144269e-03, 3.14693782e-03, 4.35729837e-03,
       4.11522621e-03, 6.77801995e-03, 3.14693782e-03, 6.41491171e-03,
       1.44032929e-02, 4.42992039e-02, 5.80973132e-03, 2.90486566e-03,
       4.84144269e-03, 4.47833445e-03, 1.44032929e-02, 3.14693782e-03,
       2.66279350e-03, 2.80803684e-02, 2.66279350e-03, 3.26797389e-03,
       3.02590174e-03, 5.80973132e-03, 8.83563329e-03, 5.93076739e-03,
       3.02590174e-03, 1.81554107e-03, 5.93076739e-03, 6.65698387e-03,
       2.29968526e-03, 5.20455092e-03, 1.81554107e-03, 3.87315429e-03,
       3.26797389e-03, 5.08351484e-03, 2.17864919e-03, 2.05761311e-03,
       5.32558700e-03, 5.20455092e-03, 3.38900997e-03, 2.90486566e-03,
       3.99419013e-03, 5.08351484e-03, 3.99419013e-03, 2.54175742e-03,
       2.66279350e-03, 3.38900997e-03, 9.07770544e-03, 8.47252458e-03,
       2.78382958e-03, 3.38900997e-03, 4.72040661e-03, 3.51004605e-03,
       2.17864919e-03, 2.42072134e-03, 3.14693782e-03, 1.02880662e-02,
       3.51004605e-03, 3.02590174e-03, 1.33139675e-03, 2.54175742e-03,
       1.01670297e-02, 7.74630858e-03, 4.11522621e-03, 1.81554107e-03,
       2.90486566e-03, 3.75211821e-03, 4.47833445e-03, 4.59937053e-03,
       4.96247876e-03, 4.47833445e-03, 1.69450499e-03, 2.29968526e-03,
       3.63108213e-03, 4.35729837e-03, 3.02590174e-03, 3.87315429e-03,
       2.17864919e-03, 1.08932459e-03, 9.68288537e-03, 3.26797389e-03,
       4.72040661e-03, 1.12563549e-02, 3.02590174e-03, 2.54175742e-03,
       3.14693782e-03, 3.38900997e-03, 1.93657714e-03, 2.05761311e-03,
       3.75211821e-03, 2.66279350e-03, 2.29968526e-03, 3.51004605e-03,
       1.00459941e-02, 3.14693782e-03, 5.44662308e-03, 3.87315429e-03,
       4.59937053e-03, 3.63108213e-03, 2.17864919e-03, 2.03340594e-02,
       2.90486566e-03, 6.05180347e-03, 2.42072134e-03, 9.19874106e-03,
       3.14693782e-03, 1.01670297e-02, 6.53594779e-03, 1.81554107e-03,
       3.26797389e-03, 7.02009210e-03, 2.29968526e-03, 2.90486566e-03,
       2.66279350e-03, 2.17864919e-03, 3.02590174e-03, 4.47833445e-03,
       5.08351484e-03, 2.05761311e-03, 3.02590174e-03, 4.47833445e-03,
       7.02009210e-03, 2.66279350e-03, 7.62527250e-03, 4.35729837e-03,
       3.30428481e-02, 3.99419013e-03, 8.47252458e-03, 3.02590174e-03,
       1.57346891e-03, 5.20455092e-03, 1.57346891e-03, 1.81554107e-03,
       3.63108213e-03, 2.54175742e-03, 4.35729837e-03, 3.26797389e-03,
       2.54175742e-03, 3.99419013e-03, 2.90486566e-03, 6.17283955e-03,
       1.93657714e-03, 4.23626229e-03, 3.75211821e-03, 2.66279350e-03,
       3.26797389e-03, 2.29968526e-03, 2.29968526e-03, 3.14693782e-03,
       6.29387563e-03, 7.74630858e-03, 2.90486566e-03, 7.50423642e-03,
       8.59356113e-03, 4.11522621e-03, 3.11062708e-02, 1.11353183e-02,
       1.69450499e-03, 7.50423642e-03, 6.77801995e-03, 1.79133378e-02,
       2.17864919e-03, 2.17864919e-03, 2.66279350e-03, 4.59937053e-03,
       6.41491171e-03, 3.51004605e-03, 4.84144269e-03, 1.33139675e-03,
       2.90486566e-03, 2.42072134e-03, 3.26797389e-03, 2.66279350e-03,
       2.78382958e-03, 2.42072134e-03, 3.87315429e-03, 6.89905602e-03,
       3.26797389e-03, 9.44081321e-03, 8.95666890e-03, 5.08351484e-03,
       3.63108213e-03, 3.51004605e-03, 6.29387563e-03, 3.51004605e-03,
       3.51004605e-03, 2.54175742e-03, 5.32558700e-03, 2.78382958e-03,
       6.17283955e-03, 2.17864919e-03, 2.42072134e-03, 2.42072134e-03,
       4.23626229e-03, 2.90486566e-03, 4.72040661e-03, 2.42072134e-03,
       2.05761311e-03 ]
