%YAML:1.0
mandawa-19mar20_21: !!opencv-matrix
   rows: 1
   cols: 200
   dt: f
   data: [ 2.46317312e-03, 4.44337120e-03, 1.11084273e-02,
       3.67061095e-03, 5.45761874e-03, 3.81550356e-03, 6.61675911e-03,
       2.36657797e-03, 2.31828052e-03, 6.18208153e-03, 6.13378407e-03,
       1.54552038e-03, 6.23037899e-03, 3.23593337e-03, 2.75295810e-03,
       2.41487566e-03, 8.64525419e-03, 4.39507375e-03, 3.57401581e-03,
       3.81550356e-03, 3.38082574e-03, 5.45761874e-03, 4.82975133e-03,
       3.86380102e-03, 5.45761874e-03, 4.82975133e-03, 2.31828052e-03,
       4.44337120e-03, 2.89785070e-03, 3.96039616e-03, 3.52571835e-03,
       7.48611428e-03, 6.42356928e-03, 5.89229632e-03, 3.23593337e-03,
       4.20188345e-03, 2.31828052e-03, 4.78145387e-03, 3.76720587e-03,
       3.04274331e-03, 5.45761874e-03, 6.08548662e-03, 2.55976804e-03,
       4.15358599e-03, 3.67061095e-03, 2.41487566e-03, 2.55976804e-03,
       7.96908978e-03, 5.21613145e-03, 4.34677629e-03, 6.42356928e-03,
       4.34677629e-03, 7.48611428e-03, 6.13378407e-03, 7.67930457e-03,
       1.78700790e-03, 4.58826357e-03, 5.16783400e-03, 2.31828052e-03,
       6.85824687e-03, 4.15358599e-03, 5.31272637e-03, 2.72397976e-02,
       1.98019799e-02, 1.90292206e-02, 1.11084273e-02, 2.84955325e-03,
       5.69910649e-03, 5.40932128e-03, 3.18763568e-03, 4.44337120e-03,
       4.44337120e-03, 2.89785070e-03, 4.00869362e-03, 3.91209824e-03,
       3.52571835e-03, 3.76720587e-03, 7.24462699e-03, 5.40932128e-03,
       5.26442891e-03, 2.26998306e-03, 5.40932128e-03, 3.33252829e-03,
       4.00869362e-03, 4.34677629e-03, 4.00869362e-03, 2.94614816e-03,
       2.55976804e-03, 2.60806573e-03, 2.65636318e-03, 1.16879977e-02,
       3.67061095e-03, 6.32697390e-03, 3.23593337e-03, 2.12509045e-03,
       4.87804879e-03, 4.34677629e-03, 6.95484178e-03, 2.80125579e-03,
       3.96039616e-03, 2.75295810e-03, 7.00313924e-03, 2.65636318e-03,
       1.98019808e-03, 7.05143670e-03, 5.21613145e-03, 9.80439503e-03,
       4.63656103e-03, 3.42912343e-03, 3.33252829e-03, 3.67061095e-03,
       1.28954360e-02, 8.11398216e-03, 4.44337120e-03, 6.23037899e-03,
       3.33252829e-03, 5.31272637e-03, 3.62231350e-03, 4.63656103e-03,
       3.81550356e-03, 4.87804879e-03, 2.52595991e-02, 4.25018091e-03,
       2.94614816e-03, 1.00941798e-02, 3.38082574e-03, 5.89229632e-03,
       2.31828052e-03, 4.68485849e-03, 4.58826357e-03, 3.23593337e-03,
       6.08548662e-03, 3.47742089e-03, 7.05143670e-03, 3.42912343e-03,
       3.52571835e-03, 4.20188345e-03, 5.50591620e-03, 2.02849554e-03,
       9.12822969e-03, 5.31272637e-03, 3.13933822e-03, 8.01738724e-03,
       5.89229632e-03, 4.05699108e-03, 5.50591620e-03, 5.11953607e-03,
       3.23593337e-03, 3.38082574e-03, 5.26442891e-03, 1.83530548e-03,
       4.15358599e-03, 3.38082574e-03, 4.63656103e-03, 4.73315595e-03,
       4.25018091e-03, 5.55421365e-03, 4.05699108e-03, 3.52571835e-03,
       5.50591620e-03, 4.39507375e-03, 4.97464370e-03, 4.63656103e-03,
       5.69910649e-03, 2.70466064e-03, 1.73871045e-03, 3.96039616e-03,
       4.97464370e-03, 5.50591620e-03, 6.76165149e-03, 4.15358599e-03,
       4.92634624e-03, 8.35546944e-03, 7.92079233e-03, 2.89785070e-03,
       3.81550356e-03, 3.71890841e-03, 6.37527136e-03, 5.02294116e-03,
       4.29847836e-03, 3.62231350e-03, 6.47186674e-03, 3.62231350e-03,
       2.46317312e-03, 1.73871045e-03, 5.89229632e-03, 3.47742089e-03,
       5.31272637e-03, 5.55421365e-03, 4.49166866e-03, 3.28423083e-03,
       3.33252829e-03, 3.09104077e-03, 4.44337120e-03, 7.09973415e-03,
       6.66505657e-03, 3.96039616e-03, 5.55421365e-03, 2.65636318e-03,
       2.60806573e-03 ]
