%YAML:1.0
mandawa-19mar34_11: !!opencv-matrix
   rows: 1
   cols: 200
   dt: f
   data: [ 2.06585694e-03, 5.69675723e-03, 1.29585573e-02,
       5.00813825e-03, 3.13008646e-03, 4.19431599e-03, 4.25691763e-03,
       1.37723796e-03, 1.04544889e-02, 4.38212091e-03, 4.50732466e-03,
       9.39025893e-04, 4.94553661e-03, 2.62927264e-03, 4.25691763e-03,
       2.62927264e-03, 5.75935887e-03, 4.50732466e-03, 1.94065354e-03,
       2.19106046e-03, 3.25528998e-03, 2.12845881e-03, 7.38700386e-03,
       2.00325530e-03, 5.57155395e-03, 6.38537621e-03, 3.63090029e-03,
       8.76424194e-04, 1.00162765e-03, 3.25528998e-03, 4.13171388e-03,
       4.25691763e-03, 2.62927264e-03, 4.44472255e-03, 7.26180058e-03,
       8.26342776e-03, 3.44309513e-03, 4.75773122e-03, 2.19106046e-03,
       4.56992630e-03, 6.19757129e-03, 2.69187428e-03, 4.88293497e-03,
       3.56829842e-03, 2.87967944e-03, 9.39025893e-04, 2.06585694e-03,
       3.69350193e-03, 5.75935887e-03, 2.75447592e-03, 4.25691763e-03,
       5.50895184e-03, 1.81545014e-03, 4.69512958e-03, 4.88293497e-03,
       1.41479904e-02, 3.44309513e-03, 7.19919894e-03, 3.19268811e-03,
       4.63252794e-03, 1.81545014e-03, 2.00325530e-03, 1.67146623e-02,
       2.44146734e-02, 1.19569302e-02, 9.89107322e-03, 2.62927264e-03,
       8.13822495e-04, 2.50406913e-03, 3.19268811e-03, 3.50569678e-03,
       1.31463632e-03, 2.87967944e-03, 7.38700386e-03, 3.88130709e-03,
       1.94065354e-03, 3.56829842e-03, 5.32114692e-03, 2.56667077e-03,
       2.06585694e-03, 2.56667077e-03, 4.69512958e-03, 7.63741089e-03,
       8.01302120e-03, 1.87805179e-03, 2.87967944e-03, 3.75610357e-03,
       1.23951426e-02, 4.56992630e-03, 8.07562284e-03, 8.20082612e-03,
       4.13171388e-03, 3.56829842e-03, 3.44309513e-03, 2.31626397e-03,
       4.82033286e-03, 8.82684346e-03, 3.44309513e-03, 4.00651060e-03,
       3.25528998e-03, 3.81870545e-03, 2.69187428e-03, 4.13171388e-03,
       3.69350193e-03, 4.00651060e-03, 3.19268811e-03, 1.39601855e-02,
       2.31626397e-03, 3.00488295e-03, 3.06748459e-03, 2.62927264e-03,
       8.88944510e-03, 5.50895184e-03, 5.44635020e-03, 5.57155395e-03,
       5.25854528e-03, 4.44472255e-03, 7.88781792e-03, 5.82196051e-03,
       4.94553661e-03, 1.37723796e-03, 2.43520718e-02, 3.00488295e-03,
       6.76098652e-03, 1.29585573e-02, 7.44960550e-03, 3.88130709e-03,
       1.33967698e-02, 3.81870545e-03, 1.23325400e-02, 4.56992630e-03,
       3.69350193e-03, 5.63415559e-03, 2.69187428e-03, 3.44309513e-03,
       4.13171388e-03, 5.50895184e-03, 3.13008646e-03, 4.56992630e-03,
       2.50406913e-03, 1.81545014e-03, 2.37886561e-03, 2.69187428e-03,
       6.19757129e-03, 5.94716426e-03, 5.32114692e-03, 3.19268811e-03,
       2.06585694e-03, 3.94390896e-03, 4.88293497e-03, 3.28659080e-02,
       3.94390896e-03, 3.44309513e-03, 2.81707780e-03, 1.50244148e-03,
       5.57155395e-03, 4.38212091e-03, 1.31463632e-03, 3.31789162e-03,
       1.23951426e-02, 8.01302120e-03, 4.82033286e-03, 2.87967944e-03,
       1.31463632e-03, 2.44146748e-03, 6.26017293e-03, 3.69350193e-03,
       5.38374856e-03, 4.94553661e-03, 4.56992630e-03, 4.06911224e-03,
       8.95204674e-03, 1.04544889e-02, 1.67772640e-02, 2.87967944e-03,
       1.56504323e-03, 3.81870545e-03, 5.88456262e-03, 3.63090029e-03,
       2.62927264e-03, 3.06748459e-03, 4.44472255e-03, 5.38374856e-03,
       3.50569678e-03, 2.25366233e-03, 2.87967944e-03, 6.63578324e-03,
       1.25203456e-03, 4.88293497e-03, 3.56829842e-03, 4.13171388e-03,
       4.13171388e-03, 7.76261417e-03, 9.32765752e-03, 5.38374856e-03,
       3.75610357e-03, 4.44472255e-03, 1.87805179e-03, 2.37886561e-03,
       3.13008646e-03 ]
