%YAML:1.0
mandawa-19mar21_22: !!opencv-matrix
   rows: 1
   cols: 200
   dt: f
   data: [ 2.38699093e-03, 6.41503837e-03, 9.92093142e-03,
       3.13292560e-03, 4.32642084e-03, 5.66910347e-03, 6.04207069e-03,
       3.95345362e-03, 4.77398187e-03, 2.46158428e-03, 4.25182749e-03,
       4.77398187e-03, 2.58093402e-02, 4.62479517e-03, 2.01402372e-03,
       5.89288399e-03, 4.17723414e-03, 8.80202930e-03, 7.83231389e-03,
       3.50589305e-03, 2.00656429e-02, 2.31239758e-03, 7.60853384e-03,
       4.69938852e-03, 6.93719229e-03, 4.62479517e-03, 3.95345362e-03,
       3.80426692e-03, 2.68536480e-03, 4.55020135e-03, 7.08637945e-03,
       6.11666404e-03, 2.61077145e-03, 3.65507975e-03, 4.69938852e-03,
       3.58048640e-03, 2.23780400e-03, 3.13292560e-03, 2.46158428e-03,
       5.59451012e-03, 3.65507975e-03, 5.81829064e-03, 3.87886027e-03,
       2.98373867e-03, 3.20751918e-03, 4.32642084e-03, 4.99776239e-03,
       4.84857522e-03, 4.84857522e-03, 7.98150059e-03, 3.95345362e-03,
       3.35670589e-03, 3.50589305e-03, 5.29613625e-03, 2.23780400e-03,
       3.95345362e-03, 7.75772054e-03, 1.93943013e-03, 7.68312719e-03,
       3.20751918e-03, 3.72967334e-03, 3.72967334e-03, 4.32642084e-03,
       9.84633714e-03, 9.32418369e-03, 4.25182749e-03, 4.10264079e-03,
       4.55020135e-03, 4.02804743e-03, 5.81829064e-03, 6.56422507e-03,
       6.78800559e-03, 3.13292560e-03, 3.65507975e-03, 3.95345362e-03,
       2.53617787e-03, 3.95345362e-03, 6.34044455e-03, 3.28211254e-03,
       9.77174379e-03, 5.14694909e-03, 1.22333281e-02, 2.31239758e-03,
       5.29613625e-03, 8.95121600e-03, 2.90914532e-03, 4.17723414e-03,
       5.96747734e-03, 3.65507975e-03, 4.10264079e-03, 3.72967334e-03,
       2.68536480e-03, 4.47560800e-03, 3.72967334e-03, 5.29613625e-03,
       8.42906162e-03, 2.75995815e-03, 4.77398187e-03, 2.61077145e-03,
       3.58048640e-03, 3.80426692e-03, 6.63881842e-03, 1.37251979e-02,
       3.95345362e-03, 6.19125785e-03, 2.68536480e-03, 7.83231389e-03,
       4.17723414e-03, 9.02580936e-03, 4.55020135e-03, 3.95345362e-03,
       4.92316857e-03, 3.20751918e-03, 2.75995815e-03, 6.04207069e-03,
       6.71341177e-03, 3.43129947e-03, 3.65507975e-03, 3.58048640e-03,
       7.83231389e-03, 1.64105627e-03, 6.86259894e-03, 1.64105627e-03,
       3.35670589e-03, 5.89288399e-03, 6.19125785e-03, 7.98150059e-03,
       9.10040271e-03, 3.87886027e-03, 8.27987492e-03, 3.28211254e-03,
       3.72967334e-03, 3.28211254e-03, 4.69938852e-03, 1.11890200e-03,
       4.84857522e-03, 2.01402372e-03, 4.69938852e-03, 3.28211254e-03,
       3.35670589e-03, 3.50589305e-03, 4.10264079e-03, 4.40101465e-03,
       3.72967334e-03, 2.68536480e-03, 3.43129947e-03, 3.13292560e-03,
       4.40101465e-03, 2.38699093e-03, 2.38699093e-03, 2.61077145e-03,
       1.24571091e-02, 3.43129947e-03, 3.43129947e-03, 5.07235574e-03,
       6.19125785e-03, 3.05833202e-03, 1.76040586e-02, 9.24959034e-03,
       3.35670589e-03, 2.83455173e-03, 6.41503837e-03, 1.73802786e-02,
       5.37072960e-03, 2.75995815e-03, 3.43129947e-03, 5.07235574e-03,
       4.92316857e-03, 3.13292560e-03, 3.20751918e-03, 1.34268240e-03,
       4.77398187e-03, 4.40101465e-03, 3.87886027e-03, 3.72967334e-03,
       2.53617787e-03, 9.17499606e-03, 6.04207069e-03, 4.55020135e-03,
       6.41503837e-03, 7.16097280e-03, 4.99776239e-03, 4.84857522e-03,
       5.07235574e-03, 2.53617787e-03, 4.40101465e-03, 4.10264079e-03,
       2.90914532e-03, 3.13292560e-03, 4.32642084e-03, 8.05609487e-03,
       3.43129947e-03, 6.26585120e-03, 2.61077145e-03, 7.23556615e-03,
       4.55020135e-03, 2.38699093e-03, 3.43129947e-03, 3.13292560e-03,
       2.46158428e-03 ]
