%YAML:1.0
mandawa-19mar34_21: !!opencv-matrix
   rows: 1
   cols: 200
   dt: f
   data: [ 4.57972893e-03, 2.91437283e-03, 6.52264431e-03,
       1.15649716e-03, 3.23819206e-03, 9.71457630e-04, 3.09941242e-03,
       2.45177397e-03, 3.23819206e-03, 4.90354793e-03, 7.03150267e-03,
       9.29823704e-03, 5.57894222e-02, 2.91437283e-03, 3.93209048e-03,
       2.17421469e-03, 1.61909603e-03, 1.59134008e-02, 4.76476829e-03,
       2.86811311e-03, 3.57588939e-02, 4.39468911e-03, 4.11712984e-03,
       5.96752530e-03, 3.19193234e-03, 2.82185315e-03, 3.56201129e-03,
       3.97835020e-03, 1.11023732e-03, 1.97992325e-02, 8.09548050e-03,
       2.72933324e-03, 4.44094930e-03, 8.78937833e-04, 1.11023732e-03,
       3.33071197e-03, 4.16339003e-03, 2.72933324e-03, 2.59055360e-03,
       6.19882485e-03, 6.29134476e-03, 5.59744658e-03, 1.85039546e-03,
       5.18110720e-03, 4.07087011e-03, 1.25826895e-02, 2.35925429e-03,
       1.38779660e-03, 1.20275712e-03, 8.32678005e-03, 4.16339003e-03,
       8.32677993e-04, 3.83957056e-03, 5.68996603e-03, 1.43405655e-03,
       2.91437283e-03, 3.65453120e-03, 3.09941242e-03, 7.86418095e-03,
       2.82185315e-03, 4.57972893e-03, 2.31299433e-03, 1.38779660e-03,
       3.88583052e-03, 8.23425967e-03, 2.63681356e-03, 2.31299433e-03,
       2.91437283e-03, 3.88583052e-03, 2.77559320e-03, 2.82185315e-03,
       2.96063279e-03, 3.28445202e-03, 1.06397737e-03, 1.38779660e-03,
       1.29527680e-03, 3.37697170e-03, 3.23819206e-03, 3.46949161e-03,
       2.49803392e-03, 1.66535599e-03, 1.02234352e-02, 3.60827125e-03,
       4.30216966e-03, 2.40551420e-02, 7.95670040e-03, 1.06397737e-03,
       1.48031639e-03, 1.80413562e-03, 7.40158197e-04, 1.06397737e-03,
       3.05315247e-03, 2.45177397e-03, 4.16339003e-03, 4.16339003e-03,
       2.13720687e-02, 4.85728821e-03, 3.93209048e-03, 3.65453120e-03,
       6.80020358e-03, 3.56201129e-03, 3.60827125e-03, 3.46023962e-02,
       3.42323165e-03, 2.86811311e-03, 1.98917510e-03, 1.21663501e-02,
       2.91437283e-03, 2.35925429e-03, 2.35925429e-03, 1.94291526e-03,
       7.21654249e-03, 9.48327687e-03, 3.23819206e-03, 1.75787567e-03,
       4.71850857e-03, 2.03543506e-03, 2.40551424e-03, 3.79331084e-03,
       5.82874566e-03, 1.06397737e-03, 8.69685877e-03, 4.20964975e-03,
       3.28445202e-03, 2.40551424e-03, 2.86811311e-03, 7.17028230e-03,
       7.86418095e-03, 3.83957056e-03, 3.09941242e-03, 1.94291526e-03,
       2.68307352e-03, 3.51575133e-03, 2.08169501e-03, 1.29527680e-03,
       2.26673437e-03, 4.07087011e-03, 3.28445202e-03, 2.82185315e-03,
       3.28445202e-03, 4.62598866e-03, 3.09941242e-03, 3.46949161e-03,
       3.37697170e-03, 1.94291526e-03, 4.90354793e-03, 2.35925429e-03,
       5.92126558e-03, 1.61909603e-03, 2.68307352e-03, 3.70079093e-03,
       9.34449770e-03, 3.88583052e-03, 1.57283619e-03, 1.12411529e-02,
       1.28602488e-02, 3.09941242e-03, 3.32145989e-02, 9.80709586e-03,
       2.77559320e-03, 2.59055360e-03, 2.22047465e-03, 8.41929950e-03,
       3.23819206e-03, 1.94291526e-03, 3.65453120e-03, 2.96063279e-03,
       1.50344633e-02, 6.98524294e-03, 3.56201129e-03, 1.57283619e-03,
       2.96063279e-03, 3.42323165e-03, 3.28445202e-03, 3.19193234e-03,
       3.42323165e-03, 2.22047465e-03, 6.47638412e-03, 4.62598866e-03,
       2.68307352e-03, 1.27677293e-02, 1.43405655e-03, 6.52264431e-03,
       1.94291526e-03, 3.05315247e-03, 9.80709586e-03, 4.67224885e-03,
       4.11712984e-03, 3.46949161e-03, 4.20964975e-03, 4.57972893e-03,
       2.49803392e-03, 3.65453120e-03, 3.51575133e-03, 4.34842939e-03,
       3.05315247e-03, 2.82185315e-03, 6.70768367e-03, 1.98917510e-03,
       2.59055360e-03 ]
