%YAML:1.0
mandawa-19mar26_3: !!opencv-matrix
   rows: 1
   cols: 200
   dt: f
   data: [ 1.44987577e-03, 1.96768856e-03, 1.00455675e-02,
       1.34631316e-03, 4.34962707e-03, 5.90306567e-03, 2.58906395e-03,
       2.27837614e-03, 2.58906395e-03, 3.10687651e-03, 9.42419283e-03,
       1.73985083e-02, 6.12054691e-02, 3.72825190e-03, 1.13918807e-03,
       2.17481353e-03, 1.44987577e-03, 1.75020713e-02, 4.24606493e-03,
       1.34631316e-03, 3.63504551e-02, 3.41756432e-03, 6.83512865e-03,
       2.27837614e-03, 4.03893972e-03, 5.90306567e-03, 6.31731562e-03,
       1.96768856e-03, 1.86412595e-03, 1.23239439e-02, 4.14250232e-03,
       1.13918807e-03, 3.00331414e-03, 2.58906395e-03, 1.65700086e-03,
       4.14250232e-03, 3.83181451e-03, 1.03562558e-03, 1.55343825e-03,
       3.62468930e-03, 4.55675228e-03, 2.89975153e-03, 1.65700086e-03,
       2.69262632e-03, 1.44987577e-03, 9.42419283e-03, 2.07125116e-03,
       1.24275067e-03, 2.17481353e-03, 7.24937860e-03, 8.18144158e-03,
       3.10687651e-03, 1.86412595e-03, 4.14250232e-03, 2.17481353e-03,
       2.07125116e-03, 9.63131711e-03, 1.24275067e-03, 9.42419283e-03,
       2.17481353e-03, 2.48550135e-03, 1.13918807e-03, 1.13918807e-03,
       1.17025683e-02, 1.36702573e-02, 1.55343825e-03, 1.24275067e-03,
       2.38193874e-03, 6.00662827e-03, 2.27837614e-03, 1.96768856e-03,
       2.38193874e-03, 2.38193874e-03, 6.21375337e-04, 1.34631316e-03,
       2.89975153e-03, 2.07125116e-03, 1.34631316e-03, 4.76387748e-03,
       1.96768856e-03, 8.28500430e-04, 1.92626342e-02, 1.55343825e-03,
       3.62468930e-03, 1.29453195e-02, 2.89975153e-03, 3.31400172e-03,
       2.38193874e-03, 3.72825190e-03, 2.27837614e-03, 1.86412595e-03,
       1.44987577e-03, 1.96768856e-03, 1.76056346e-03, 3.10687651e-03,
       1.68806966e-02, 2.17481353e-03, 3.52112693e-03, 2.48550135e-03,
       2.89975153e-03, 2.17481353e-03, 1.34631316e-03, 4.87779640e-02,
       3.41756432e-03, 4.14250232e-03, 1.55343825e-03, 1.36702573e-02,
       3.10687651e-03, 4.03893972e-03, 2.38193874e-03, 1.65700086e-03,
       4.76387748e-03, 7.14581599e-03, 1.65700086e-03, 1.76056346e-03,
       7.66362902e-03, 1.13918807e-03, 1.76056346e-03, 5.17812790e-03,
       7.66362902e-03, 1.44987577e-03, 3.62468930e-03, 1.34631316e-03,
       6.52444083e-03, 1.55343825e-03, 3.72825190e-03, 1.01491306e-02,
       3.62468921e-02, 5.38525265e-03, 7.45650381e-03, 1.24275067e-03,
       1.34631316e-03, 2.48550135e-03, 9.32062976e-04, 2.07125116e-03,
       1.24275067e-03, 8.28500430e-04, 7.56006641e-03, 2.58906395e-03,
       2.07125116e-03, 2.58906395e-03, 3.21043911e-03, 1.65700086e-03,
       1.76056346e-03, 2.17481353e-03, 2.27837614e-03, 1.86412595e-03,
       1.65700086e-03, 1.34631316e-03, 1.55343825e-03, 4.34962707e-03,
       8.80281720e-03, 4.66031488e-03, 2.27837614e-03, 7.35294120e-03,
       8.28500465e-03, 4.55675228e-03, 4.09072079e-02, 1.23239439e-02,
       8.28500430e-04, 6.00662827e-03, 1.39809446e-02, 3.93537693e-02,
       1.86412595e-03, 2.69262632e-03, 2.38193874e-03, 1.13918807e-03,
       5.28169004e-03, 3.10687651e-03, 2.07125116e-03, 9.32062976e-04,
       1.24275067e-03, 1.96768856e-03, 5.28169004e-03, 2.07125116e-03,
       1.76056346e-03, 4.03893972e-03, 5.48881525e-03, 6.73156604e-03,
       1.76056346e-03, 7.76719162e-03, 3.41756432e-03, 2.89975153e-03,
       1.44987577e-03, 1.65700086e-03, 3.00331414e-03, 3.72825190e-03,
       2.17481353e-03, 2.17481353e-03, 6.00662827e-03, 2.69262632e-03,
       2.27837614e-03, 1.34631316e-03, 1.86412595e-03, 1.65700086e-03,
       2.69262632e-03, 1.44987577e-03, 2.27837614e-03, 7.24937883e-04,
       1.34631316e-03 ]
