%YAML:1.0
mandawa-19mar35_22: !!opencv-matrix
   rows: 1
   cols: 200
   dt: f
   data: [ 2.22667563e-03, 2.89467815e-03, 9.57470480e-03,
       1.78134046e-03, 3.34001333e-03, 3.78534850e-03, 3.56268091e-03,
       1.55867287e-03, 3.56268091e-03, 2.89467815e-03, 8.01603217e-03,
       1.51413940e-02, 2.91694496e-02, 3.34001333e-03, 2.67201057e-03,
       2.44934321e-03, 3.56268091e-03, 1.73680689e-02, 1.06880423e-02,
       4.00801608e-03, 6.99176118e-02, 3.34001333e-03, 8.90670251e-03,
       4.23068367e-03, 2.00400804e-03, 2.67201057e-03, 1.78134046e-03,
       2.22667563e-03, 2.89467815e-03, 4.23068367e-03, 4.89868643e-03,
       2.67201057e-03, 3.34001333e-03, 2.22667563e-03, 8.90670228e-04,
       3.78534850e-03, 5.78935631e-03, 4.45335114e-04, 4.00801608e-03,
       6.01202389e-03, 2.89467815e-03, 9.79737286e-03, 2.89467815e-03,
       2.89467815e-03, 4.23068367e-03, 6.68002665e-03, 3.34001333e-03,
       1.55867287e-03, 2.67201057e-03, 5.78935631e-03, 4.00801608e-03,
       3.78534850e-03, 1.78134046e-03, 6.45735906e-03, 4.67601884e-03,
       3.78534850e-03, 7.12536182e-03, 8.90670228e-04, 6.90269424e-03,
       4.23068367e-03, 6.68002642e-04, 3.56268091e-03, 1.78134046e-03,
       7.57069699e-03, 1.20240478e-02, 2.89467815e-03, 4.45335126e-03,
       3.78534850e-03, 4.67601884e-03, 3.78534850e-03, 4.45335126e-03,
       1.33600528e-03, 5.34402113e-03, 2.00400804e-03, 3.34001333e-03,
       3.56268091e-03, 2.22667563e-03, 2.44934321e-03, 2.67201057e-03,
       2.67201057e-03, 6.68002642e-04, 1.46960588e-02, 2.44934321e-03,
       5.78935631e-03, 7.34802941e-03, 3.56268091e-03, 2.22667563e-03,
       6.45735906e-03, 4.23068367e-03, 2.67201057e-03, 1.33600528e-03,
       2.89467815e-03, 1.11333781e-03, 2.89467815e-03, 3.78534850e-03,
       7.57069699e-03, 1.78134046e-03, 5.34402113e-03, 3.78534850e-03,
       4.45335126e-03, 2.00400804e-03, 4.00801608e-03, 2.36027613e-02,
       2.00400804e-03, 4.00801608e-03, 1.55867287e-03, 1.06880423e-02,
       4.45335126e-03, 3.56268091e-03, 2.22667563e-03, 2.67201057e-03,
       4.89868643e-03, 2.44934321e-03, 2.00400804e-03, 3.56268091e-03,
       3.78534850e-03, 3.78534850e-03, 3.11734574e-03, 3.56268091e-03,
       3.78534850e-03, 2.22667563e-03, 1.13560455e-02, 2.00400804e-03,
       2.67201057e-03, 7.12536182e-03, 3.56268091e-03, 3.62948105e-02,
       1.15787126e-02, 2.22667563e-03, 5.78935631e-03, 1.33600528e-03,
       3.34001333e-03, 3.78534850e-03, 2.89467815e-03, 1.11333781e-03,
       2.89467815e-03, 2.00400804e-03, 6.68002665e-03, 2.89467815e-03,
       2.44934321e-03, 4.23068367e-03, 3.56268091e-03, 1.33600528e-03,
       2.67201057e-03, 2.00400804e-03, 2.67201057e-03, 4.45335126e-03,
       5.56668872e-03, 2.44934321e-03, 1.33600528e-03, 1.33600528e-03,
       5.56668872e-03, 3.34001333e-03, 3.56268091e-03, 6.23469148e-03,
       9.79737286e-03, 2.67201057e-03, 2.64974385e-02, 5.56668872e-03,
       3.56268091e-03, 1.11333781e-03, 7.12536182e-03, 2.27120910e-02,
       5.34402113e-03, 1.55867287e-03, 1.33600528e-03, 2.89467815e-03,
       5.34402113e-03, 2.67201057e-03, 3.34001333e-03, 3.78534850e-03,
       2.89467815e-03, 8.90670228e-04, 4.23068367e-03, 2.89467815e-03,
       4.23068367e-03, 7.57069699e-03, 6.90269424e-03, 2.44934321e-03,
       4.23068367e-03, 1.31373862e-02, 4.23068367e-03, 5.78935631e-03,
       2.67201057e-03, 2.89467815e-03, 4.00801608e-03, 5.78935631e-03,
       2.44934321e-03, 4.00801608e-03, 3.78534850e-03, 4.89868643e-03,
       2.67201057e-03, 6.68002665e-03, 1.78134046e-03, 4.67601884e-03,
       4.00801608e-03, 2.67201057e-03, 4.67601884e-03, 4.00801608e-03,
       2.67201057e-03 ]
