%YAML:1.0
mandawa-19mar18_12: !!opencv-matrix
   rows: 1
   cols: 200
   dt: f
   data: [ 6.27116533e-04, 9.78301838e-03, 2.88473605e-03,
       3.01015936e-03, 5.51862549e-03, 4.38981596e-03, 4.01354581e-03,
       8.02709162e-03, 1.09118279e-02, 3.88812250e-03, 6.39658887e-03,
       1.63050299e-03, 1.24169076e-02, 4.26439242e-03, 7.14912824e-03,
       1.75592629e-03, 3.26100597e-03, 2.38304283e-03, 1.11626741e-02,
       1.04101347e-02, 5.01693226e-03, 7.02370517e-03, 6.02031872e-03,
       5.64404856e-03, 7.77624501e-03, 8.27793777e-03, 2.75931275e-03,
       2.50846613e-03, 3.51185258e-03, 6.77285856e-03, 2.75931275e-03,
       6.27116533e-03, 7.65082147e-03, 3.38642928e-03, 5.26777888e-03,
       4.51523904e-03, 9.65759438e-03, 2.75931275e-03, 6.14574179e-03,
       6.02031872e-03, 5.64404856e-03, 7.65082147e-03, 4.13896888e-03,
       3.88812250e-03, 4.51523904e-03, 5.26777888e-03, 2.75931275e-03,
       1.25423307e-03, 7.77624501e-03, 6.14574179e-03, 3.01015936e-03,
       5.89489564e-03, 8.77963146e-04, 4.38981596e-03, 5.76947210e-03,
       1.71829928e-02, 4.26439242e-03, 6.89828210e-03, 2.75931275e-03,
       4.64066211e-03, 3.01015936e-03, 6.27116533e-03, 4.38981596e-03,
       5.01693226e-03, 6.27116533e-04, 3.13558266e-03, 3.88812250e-03,
       2.75931275e-03, 5.39320242e-03, 2.88473605e-03, 5.39320242e-03,
       1.00338645e-03, 3.63727589e-03, 4.76608565e-03, 2.63388944e-03,
       3.26100597e-03, 3.01015936e-03, 3.63727589e-03, 6.27116533e-03,
       3.76269920e-03, 1.88134960e-03, 7.52539840e-04, 8.65420792e-03,
       8.77963193e-03, 4.51523904e-03, 5.01693226e-03, 2.38304283e-03,
       9.40674823e-03, 2.38304283e-03, 3.01015936e-03, 2.13219621e-03,
       5.51862549e-03, 5.89489564e-03, 5.14235534e-03, 3.26100597e-03,
       2.63388944e-03, 4.89150919e-03, 3.13558266e-03, 2.75931275e-03,
       4.01354581e-03, 2.63388944e-03, 4.76608565e-03, 8.77963146e-04,
       2.75931275e-03, 1.25423307e-03, 5.26777888e-03, 1.02847107e-02,
       6.89828210e-03, 3.13558266e-03, 1.25423307e-03, 5.14235534e-03,
       6.64743502e-03, 2.88473605e-03, 1.21660605e-02, 4.89150919e-03,
       3.51185258e-03, 1.25423307e-03, 6.64743502e-03, 5.14235534e-03,
       6.77285856e-03, 4.51523904e-03, 2.75931275e-03, 4.01354581e-03,
       6.52201194e-03, 4.89150919e-03, 8.27793777e-03, 4.38981596e-03,
       8.90505500e-03, 6.27116533e-03, 5.64404856e-03, 3.63727589e-03,
       5.26777888e-03, 9.40674823e-03, 5.89489564e-03, 5.26777888e-03,
       4.76608565e-03, 5.51862549e-03, 7.02370517e-03, 4.26439242e-03,
       7.52539840e-04, 3.88812250e-03, 3.76269920e-03, 7.02370517e-03,
       4.38981596e-03, 1.88134960e-03, 4.64066211e-03, 6.39658887e-03,
       4.13896888e-03, 2.00677291e-03, 5.01693226e-03, 3.92574966e-02,
       1.37965642e-02, 2.38304283e-03, 2.13219621e-03, 4.13896888e-03,
       2.50846613e-03, 6.77285856e-03, 3.63727589e-03, 4.38981596e-03,
       5.76947210e-03, 8.52878485e-03, 2.25761952e-03, 4.76608565e-03,
       3.76269920e-03, 3.26100597e-03, 3.88812250e-03, 4.64066211e-03,
       5.14235534e-03, 4.01354581e-03, 6.89828210e-03, 3.88812250e-03,
       4.89150919e-03, 3.38642928e-03, 4.64066211e-03, 5.64404856e-03,
       8.40336177e-03, 4.13896888e-03, 7.39997532e-03, 6.39658887e-03,
       2.25761952e-03, 2.38304283e-03, 5.01693226e-03, 5.01693226e-03,
       2.38304283e-03, 3.63727589e-03, 2.13219621e-03, 7.39997532e-03,
       5.26777888e-03, 4.51523904e-03, 6.27116533e-03, 5.51862549e-03,
       1.63050299e-03, 6.52201194e-03, 2.50846613e-03, 2.63388944e-03,
       6.27116533e-03, 1.00338645e-03, 5.64404856e-03, 3.63727589e-03,
       3.01015936e-03 ]
