%YAML:1.0
mandawa-19mar36_21: !!opencv-matrix
   rows: 1
   cols: 200
   dt: f
   data: [ 3.13080661e-03, 6.18525175e-03, 3.30898259e-03,
       3.30898259e-03, 2.46900995e-03, 3.76714929e-03, 4.60712193e-03,
       5.14164986e-03, 2.34174146e-03, 5.77799277e-03, 7.68702105e-03,
       5.57436282e-03, 2.23229043e-02, 6.64341869e-03, 3.81805678e-03,
       3.10535287e-03, 4.98892739e-03, 1.53231341e-02, 4.17440850e-03,
       4.86165890e-03, 2.81518046e-02, 2.11265800e-03, 4.30167746e-03,
       5.09074237e-03, 2.26538023e-03, 3.25807510e-03, 3.94532550e-03,
       5.39618684e-03, 1.67994492e-03, 1.46613382e-02, 2.11265814e-02,
       1.98538951e-03, 5.52345533e-03, 3.38534359e-03, 1.85812090e-03,
       4.30167746e-03, 2.18901923e-03, 1.62903755e-03, 3.25807510e-03,
       1.66721810e-02, 6.31252071e-03, 5.49800182e-03, 3.30898259e-03,
       5.11619588e-03, 2.08720425e-03, 1.20650595e-02, 3.63988080e-03,
       3.05444538e-03, 3.74169555e-03, 5.42164082e-03, 3.05444538e-03,
       3.07989912e-03, 4.40349197e-03, 4.70893644e-03, 3.58897331e-03,
       6.23615924e-03, 5.87980729e-03, 3.97077901e-03, 5.29437186e-03,
       3.81805678e-03, 4.70893644e-03, 2.46900995e-03, 1.65449129e-03,
       2.92717689e-03, 9.13788285e-03, 3.74169555e-03, 3.56351957e-03,
       3.84351052e-03, 5.98162226e-03, 4.78529790e-03, 3.91987152e-03,
       2.85081565e-03, 3.25807510e-03, 1.62903755e-03, 2.54537119e-03,
       1.29813934e-03, 6.71977969e-03, 3.69078829e-03, 4.60712193e-03,
       2.67263968e-03, 2.62173242e-03, 1.33886524e-02, 2.29083397e-03,
       3.02899163e-03, 1.63921900e-02, 5.72708528e-03, 3.35988984e-03,
       3.00353789e-03, 3.58897331e-03, 1.17087073e-03, 2.36719521e-03,
       3.86896427e-03, 3.99623252e-03, 3.00353789e-03, 4.25076997e-03,
       1.30832074e-02, 5.09074237e-03, 3.25807510e-03, 2.34174146e-03,
       6.23615924e-03, 4.88711242e-03, 3.28352884e-03, 2.21956372e-02,
       2.46900995e-03, 2.46900995e-03, 2.21447297e-03, 1.28541244e-02,
       1.85812090e-03, 4.98892739e-03, 2.67263968e-03, 2.16356548e-03,
       5.98162226e-03, 8.14518798e-03, 3.56351957e-03, 1.88357465e-03,
       1.08941887e-02, 2.79990840e-03, 4.22531599e-03, 4.19986248e-03,
       3.13080661e-03, 1.37450045e-03, 1.01814847e-02, 3.38534359e-03,
       2.72354716e-03, 1.65449129e-03, 3.46170482e-03, 6.74523367e-03,
       4.32713097e-03, 4.75984393e-03, 3.23262135e-03, 3.91987152e-03,
       3.15626035e-03, 2.59627867e-03, 3.00353789e-03, 5.47254784e-03,
       3.23262135e-03, 5.11619588e-03, 4.55621444e-03, 2.57082493e-03,
       4.78529790e-03, 2.59627867e-03, 4.04714001e-03, 2.85081565e-03,
       2.87626940e-03, 3.58897331e-03, 2.87626940e-03, 2.87626940e-03,
       4.37803846e-03, 3.13080661e-03, 4.40349197e-03, 6.18525175e-03,
       7.78883556e-03, 1.19632448e-03, 2.90172314e-03, 1.17087075e-02,
       7.17794662e-03, 2.23992672e-03, 1.43558932e-02, 1.11232717e-02,
       3.89441778e-03, 2.31628772e-03, 5.54890931e-03, 1.36431893e-02,
       5.77799277e-03, 2.62173242e-03, 2.95263063e-03, 2.67263968e-03,
       1.45086152e-02, 6.41433522e-03, 2.16356548e-03, 2.03629700e-03,
       4.25076997e-03, 3.23262135e-03, 3.10535287e-03, 5.34527935e-03,
       1.73085241e-03, 1.11996336e-03, 5.85435377e-03, 3.51261231e-03,
       4.81075142e-03, 9.29060485e-03, 1.32359297e-03, 7.40703009e-03,
       4.12350148e-03, 3.74169555e-03, 9.29060485e-03, 2.36719521e-03,
       4.22531599e-03, 3.33443633e-03, 5.31982584e-03, 5.19255735e-03,
       2.26538023e-03, 5.03983488e-03, 6.23615924e-03, 5.70163131e-03,
       3.10535287e-03, 2.51991744e-03, 6.31252071e-03, 3.10535287e-03,
       3.46170482e-03 ]
