%YAML:1.0
mandawa-19mar20_12: !!opencv-matrix
   rows: 1
   cols: 200
   dt: f
   data: [ 3.29289422e-03, 6.58578845e-03, 6.58578845e-03,
       3.58174462e-03, 4.39052563e-03, 7.16348924e-03, 5.48815681e-03,
       1.38648180e-03, 6.58578845e-03, 5.02599636e-03, 7.04794889e-03,
       5.08376630e-03, 8.66551138e-03, 4.10167547e-03, 3.00404383e-03,
       3.98613513e-03, 3.17735411e-03, 8.95436108e-03, 5.95031772e-03,
       4.85268608e-03, 2.06239168e-02, 4.33275569e-03, 6.18139794e-03,
       3.75505490e-03, 2.31080293e-03, 4.44829557e-03, 2.25303299e-03,
       3.87059501e-03, 2.54188315e-03, 7.51010980e-03, 1.60023104e-02,
       4.39052563e-03, 2.65742349e-03, 4.39052563e-03, 2.42634304e-03,
       4.39052563e-03, 4.04390506e-03, 3.29289422e-03, 3.11958394e-03,
       9.58983228e-03, 3.52397445e-03, 4.15944541e-03, 5.25707658e-03,
       6.12362800e-03, 2.65742349e-03, 7.39456946e-03, 4.39052563e-03,
       4.44829557e-03, 5.66146709e-03, 6.47024810e-03, 3.69728473e-03,
       4.33275569e-03, 4.15944541e-03, 5.37261693e-03, 3.46620451e-03,
       6.00808766e-03, 1.01097627e-02, 1.84864237e-03, 5.37261693e-03,
       3.40843434e-03, 2.83073355e-03, 4.73714620e-03, 3.87059501e-03,
       1.53090693e-02, 5.77700743e-03, 1.79087231e-03, 4.62160585e-03,
       8.26112088e-03, 3.63951456e-03, 8.08781013e-03, 4.04390506e-03,
       3.98613513e-03, 2.88850372e-03, 3.35066440e-03, 3.35066440e-03,
       3.00404383e-03, 3.23512405e-03, 4.62160585e-03, 4.50606598e-03,
       6.99017895e-03, 3.23512405e-03, 9.58983228e-03, 2.88850372e-03,
       3.81282484e-03, 6.06585760e-03, 5.66146709e-03, 3.35066440e-03,
       1.05141532e-02, 5.43038687e-03, 4.04390506e-03, 2.71519343e-03,
       2.65742349e-03, 2.42634304e-03, 4.56383592e-03, 3.81282484e-03,
       4.96822642e-03, 4.21721535e-03, 3.63951456e-03, 3.40843434e-03,
       6.29693829e-03, 5.54592721e-03, 5.43038687e-03, 8.66551138e-03,
       3.63951456e-03, 3.23512405e-03, 3.98613513e-03, 5.43038687e-03,
       4.91045648e-03, 4.50606598e-03, 4.04390506e-03, 3.69728473e-03,
       3.11958394e-03, 4.56383592e-03, 2.94627366e-03, 7.16348924e-03,
       1.74465626e-02, 4.79491614e-03, 4.96822642e-03, 5.19930664e-03,
       4.67937579e-03, 2.31080293e-03, 6.23916788e-03, 3.92836519e-03,
       3.63951456e-03, 2.48411321e-03, 6.00808766e-03, 7.27902912e-03,
       4.56383592e-03, 5.48815681e-03, 6.75909873e-03, 5.02599636e-03,
       3.46620451e-03, 3.11958394e-03, 4.27498529e-03, 4.27498529e-03,
       6.64355839e-03, 2.48411321e-03, 5.60369715e-03, 2.54188315e-03,
       3.63951456e-03, 3.92836519e-03, 4.39052563e-03, 4.50606598e-03,
       2.71519343e-03, 2.25303299e-03, 3.35066440e-03, 4.27498529e-03,
       5.48815681e-03, 4.39052563e-03, 3.11958394e-03, 3.29289422e-03,
       7.62564968e-03, 5.31484699e-03, 2.94627366e-03, 6.29693829e-03,
       6.87463861e-03, 4.67937579e-03, 8.83882120e-03, 2.31657997e-02,
       2.77296361e-03, 3.29289422e-03, 6.52801851e-03, 9.30098165e-03,
       6.58578845e-03, 3.81282484e-03, 5.31484699e-03, 4.39052563e-03,
       4.33275569e-03, 5.43038687e-03, 2.94627366e-03, 3.06181400e-03,
       4.39052563e-03, 5.60369715e-03, 5.77700743e-03, 3.87059501e-03,
       3.11958394e-03, 5.14153671e-03, 3.35066440e-03, 4.15944541e-03,
       4.15944541e-03, 8.72328132e-03, 8.66551138e-03, 5.48815681e-03,
       3.69728473e-03, 2.59965332e-03, 3.35066440e-03, 2.94627366e-03,
       4.67937579e-03, 3.46620451e-03, 3.29289422e-03, 4.62160585e-03,
       3.40843434e-03, 5.25707658e-03, 2.83073355e-03, 6.18139794e-03,
       5.37261693e-03, 2.54188315e-03, 6.81686867e-03, 3.58174462e-03,
       2.83073355e-03 ]
