%YAML:1.0
mandawa-19mar16: !!opencv-matrix
   rows: 1
   cols: 200
   dt: f
   data: [ 2.67570466e-03, 2.36990978e-03, 4.00081556e-03,
       6.54910551e-03, 7.36455852e-03, 4.20467881e-03, 3.05794808e-03,
       5.52978972e-03, 3.92436655e-03, 4.12822980e-03, 1.49839455e-02,
       3.38922581e-03, 3.82243507e-02, 8.58773757e-03, 1.88573473e-03,
       3.59308906e-03, 5.91203291e-03, 3.97533271e-03, 3.79695231e-03,
       4.71433671e-03, 3.28729418e-03, 3.13439686e-03, 3.77146946e-03,
       5.30044362e-03, 8.40935740e-04, 1.78380311e-03, 2.47184141e-03,
       4.53595631e-03, 4.33209306e-03, 7.87421688e-03, 1.96218328e-03,
       2.72667035e-03, 6.80393446e-03, 5.14754606e-03, 4.28112736e-03,
       6.31975941e-03, 3.97533271e-03, 2.42087571e-03, 3.49115743e-03,
       9.17384459e-04, 1.30472453e-02, 4.10274696e-03, 6.44717412e-03,
       2.39539263e-03, 3.13439686e-03, 5.81010152e-03, 5.32592647e-03,
       6.37072511e-03, 4.20467881e-03, 6.54910551e-03, 5.52978972e-03,
       4.73981956e-03, 4.25564451e-03, 8.84256698e-03, 3.74598638e-03,
       2.21701246e-03, 3.15987971e-03, 1.96218328e-03, 5.86106721e-03,
       3.36374296e-03, 4.38305875e-03, 4.17919597e-03, 6.34524226e-03,
       8.84256698e-03, 4.81626811e-03, 2.06411490e-03, 4.17919597e-03,
       3.69502068e-03, 6.80393446e-03, 5.22399461e-03, 4.86723427e-03,
       4.61240532e-03, 2.29346100e-03, 3.41470866e-03, 4.53595631e-03,
       1.35059375e-03, 6.70200307e-03, 3.10891401e-03, 5.04561421e-03,
       3.03246523e-03, 4.20467881e-03, 3.84791801e-03, 3.36374296e-03,
       3.77146946e-03, 1.13908565e-02, 3.38922581e-03, 2.39539263e-03,
       1.88573473e-03, 7.64487032e-03, 3.10891401e-03, 4.58692200e-03,
       2.67570466e-03, 2.24249531e-03, 2.52280710e-03, 3.31277703e-03,
       1.31746596e-02, 3.15987971e-03, 2.75215320e-03, 2.87956791e-03,
       5.14754606e-03, 2.59925588e-03, 4.68885386e-03, 3.27964947e-02,
       2.31894408e-03, 3.31277703e-03, 5.81010152e-03, 1.40920440e-02,
       4.15371265e-03, 4.40854207e-03, 3.64405476e-03, 3.38922581e-03,
       6.52362267e-03, 1.35823861e-02, 3.03246523e-03, 4.89271712e-03,
       2.14056368e-03, 7.23714381e-03, 2.57377303e-03, 5.40237501e-03,
       1.27414509e-03, 2.34442693e-03, 3.00698238e-03, 4.25564451e-03,
       2.39539263e-03, 4.43402492e-03, 4.48499061e-03, 1.70735433e-03,
       1.00402627e-02, 4.91819996e-03, 3.79695231e-03, 3.69502068e-03,
       2.06411490e-03, 2.98149954e-03, 3.66953784e-03, 6.37072546e-04,
       2.72667035e-03, 1.91121758e-03, 9.25029349e-03, 3.05794808e-03,
       3.23632848e-03, 4.25564451e-03, 6.03944762e-03, 2.03863205e-03,
       2.29346100e-03, 1.19769631e-03, 1.57993985e-03, 6.21782802e-03,
       4.89271712e-03, 2.34442693e-03, 3.03246523e-03, 6.21782802e-03,
       4.56143916e-03, 1.75832014e-03, 5.68268681e-03, 1.55445701e-02,
       3.94984987e-03, 6.26879372e-03, 1.81693081e-02, 1.34549718e-02,
       7.46648991e-03, 8.40935740e-04, 9.50512197e-03, 3.25161815e-02,
       2.19152938e-03, 8.33290908e-03, 3.74598638e-03, 2.90505076e-03,
       6.06493047e-03, 3.23632848e-03, 2.85408483e-03, 4.51047346e-03,
       3.03246523e-03, 4.68885386e-03, 8.05259682e-03, 5.70816966e-03,
       4.63788817e-03, 1.98766636e-03, 6.14137901e-03, 4.15371265e-03,
       3.66953784e-03, 4.00081556e-03, 2.98149954e-03, 4.07726411e-03,
       3.61857191e-03, 1.57993985e-03, 4.76530241e-03, 4.51047346e-03,
       3.31277703e-03, 3.49115743e-03, 2.03863205e-03, 3.82243516e-03,
       3.46567458e-03, 4.30661021e-03, 6.49813982e-03, 3.36374296e-03,
       3.31277703e-03, 2.80311913e-03, 3.84791801e-03, 2.29346100e-03,
       7.41552422e-03 ]
