%YAML:1.0
mandawa-19mar30_1: !!opencv-matrix
   rows: 1
   cols: 200
   dt: f
   data: [ 2.78402399e-03, 1.54192094e-02, 5.78220375e-03,
       3.64064681e-03, 2.99817976e-03, 3.10525740e-03, 4.39019175e-03,
       1.11360960e-02, 8.45914986e-03, 4.28311387e-03, 3.21233529e-03,
       8.24499410e-03, 1.60616764e-03, 3.42649105e-03, 2.99817976e-03,
       2.35571270e-03, 4.71142540e-03, 7.06713786e-03, 1.49908988e-03,
       1.71324553e-03, 2.46279035e-03, 2.56986823e-03, 2.24863482e-03,
       2.24863482e-03, 2.14155694e-03, 1.28493411e-03, 4.39019175e-03,
       1.71324553e-03, 1.49908988e-03, 3.74772470e-03, 5.24681434e-03,
       1.23139527e-02, 4.81850281e-03, 2.56986823e-03, 6.31759269e-03,
       2.67694611e-03, 2.46279035e-03, 3.21233529e-03, 3.31941317e-03,
       3.74772470e-03, 2.67694611e-03, 4.06895811e-03, 9.63700586e-04,
       4.71142540e-03, 2.14155694e-03, 8.99453927e-03, 6.63882634e-03,
       2.05589458e-02, 2.78402399e-03, 2.46279035e-03, 3.96188023e-03,
       3.31941317e-03, 1.99164785e-02, 1.80961564e-02, 5.99635951e-03,
       3.10525740e-03, 3.96188023e-03, 3.10525740e-03, 3.31941317e-03,
       3.85480234e-03, 3.10525740e-03, 5.88928163e-03, 1.74536891e-02,
       3.10525745e-02, 2.70906948e-02, 6.96005998e-03, 4.17603599e-03,
       2.89110187e-03, 3.64064681e-03, 2.14155694e-03, 3.85480234e-03,
       6.42467057e-03, 4.92558070e-03, 3.31941317e-03, 3.21233529e-03,
       1.92740117e-03, 2.99817976e-03, 6.85298210e-03, 2.14155694e-03,
       4.71142540e-03, 2.67694611e-03, 5.24681434e-03, 1.39201200e-03,
       1.82032341e-03, 2.89110187e-03, 4.39019175e-03, 3.21233529e-03,
       3.53356893e-03, 1.60616764e-03, 1.01723950e-02, 8.03083833e-03,
       2.67694611e-03, 3.31941317e-03, 3.10525740e-03, 3.21233529e-03,
       2.56986823e-03, 3.10525740e-03, 2.46279053e-02, 3.10525740e-03,
       4.39019175e-03, 6.53174846e-03, 4.60434752e-03, 4.06895811e-03,
       3.42649105e-03, 8.03083833e-03, 1.60616764e-03, 3.12667303e-02,
       2.99817976e-03, 3.42649105e-03, 2.24863482e-03, 3.31941317e-03,
       1.03865508e-02, 4.71142540e-03, 1.60616764e-03, 8.24499410e-03,
       1.82032341e-03, 8.13791621e-03, 1.28493411e-03, 3.64064681e-03,
       1.82032341e-03, 2.14155694e-03, 2.69836169e-02, 5.35389222e-03,
       6.85298210e-03, 7.70960469e-03, 2.35571270e-03, 4.17603599e-03,
       3.85480234e-03, 2.56986823e-03, 3.31941317e-03, 4.17603599e-03,
       4.60434752e-03, 4.60434752e-03, 3.96188023e-03, 2.78402399e-03,
       3.21233529e-03, 2.56986823e-03, 4.49726963e-03, 5.24681434e-03,
       1.07077844e-02, 1.82032341e-03, 3.42649105e-03, 5.67512587e-03,
       1.80961564e-02, 3.42649105e-03, 2.24863482e-03, 2.24863482e-03,
       2.89110187e-03, 5.13973646e-03, 2.89110187e-03, 1.99164785e-02,
       1.39201200e-03, 4.06895811e-03, 4.39019175e-03, 1.39201200e-03,
       4.17603599e-03, 3.21233529e-03, 2.03447905e-03, 2.46279035e-03,
       4.28311387e-03, 2.67694611e-03, 2.99817976e-03, 2.78402399e-03,
       4.49726963e-03, 2.89110187e-03, 1.23139527e-02, 1.49908988e-03,
       3.31941317e-03, 3.64064681e-03, 2.78402399e-03, 3.74772470e-03,
       7.38837151e-03, 1.08148623e-02, 5.03265858e-03, 6.53174846e-03,
       2.67694611e-03, 3.96188023e-03, 3.31941317e-03, 1.82032341e-03,
       1.28493411e-03, 3.42649105e-03, 5.35389222e-03, 4.39019175e-03,
       1.92740117e-03, 1.92740117e-03, 3.21233529e-03, 9.63700586e-04,
       1.60616764e-03, 3.53356893e-03, 3.53356893e-03, 3.10525740e-03,
       3.74772470e-03, 1.71324553e-03, 2.35571270e-03, 5.46097010e-03,
       2.14155694e-03, 3.31941317e-03, 1.92740117e-03, 3.74772470e-03,
       2.24863482e-03 ]
