%YAML:1.0
mandawa-19mar26_1: !!opencv-matrix
   rows: 1
   cols: 200
   dt: f
   data: [ 2.25525373e-03, 1.12762684e-02, 7.07329577e-03,
       4.30548424e-03, 7.27831898e-03, 3.38288071e-03, 3.07534612e-03,
       3.69041529e-03, 1.52742183e-02, 4.71553067e-03, 2.97283451e-03,
       1.05586881e-02, 3.58790369e-03, 3.07534612e-03, 2.66529992e-03,
       3.38288071e-03, 5.12557663e-03, 5.63813420e-03, 1.94771914e-03,
       1.94771914e-03, 3.69041529e-03, 2.66529992e-03, 4.10046149e-03,
       2.66529992e-03, 1.64018455e-03, 2.35776533e-03, 3.99794988e-03,
       1.84520765e-03, 2.97283451e-03, 2.25525373e-03, 4.51050745e-03,
       1.50691960e-02, 3.99794988e-03, 4.30548424e-03, 4.51050745e-03,
       5.33059984e-03, 9.22603824e-04, 6.35571498e-03, 2.97283451e-03,
       3.99794988e-03, 3.38288071e-03, 3.48539208e-03, 2.05023075e-03,
       2.56278832e-03, 3.17785749e-03, 6.04818063e-03, 1.94771914e-03,
       1.43516148e-02, 2.66529992e-03, 2.97283451e-03, 5.43311145e-03,
       6.25320338e-03, 6.15069224e-03, 1.94771923e-02, 4.30548424e-03,
       1.33264996e-03, 3.79292667e-03, 3.99794988e-03, 2.46027671e-03,
       3.89543828e-03, 4.92055342e-03, 3.38288071e-03, 1.50691960e-02,
       3.19835991e-02, 2.23475136e-02, 8.71348009e-03, 5.94566902e-03,
       3.17785749e-03, 2.05023075e-03, 2.35776533e-03, 3.38288071e-03,
       2.66529992e-03, 5.33059984e-03, 3.48539208e-03, 3.79292667e-03,
       2.56278832e-03, 3.69041529e-03, 7.89338816e-03, 1.74269604e-03,
       3.89543828e-03, 1.64018455e-03, 4.10046149e-03, 2.87032290e-03,
       2.56278832e-03, 1.74269604e-03, 3.99794988e-03, 3.38288071e-03,
       4.40799585e-03, 1.12762686e-03, 1.36340344e-02, 7.99589977e-03,
       3.07534612e-03, 3.58790369e-03, 3.07534612e-03, 1.94771914e-03,
       4.20297310e-03, 4.20297310e-03, 2.14249101e-02, 3.99794988e-03,
       4.10046149e-03, 5.02306502e-03, 5.12557663e-03, 3.69041529e-03,
       4.30548424e-03, 5.84315741e-03, 3.99794988e-03, 2.19374690e-02,
       3.48539208e-03, 8.81599169e-03, 3.17785749e-03, 2.25525373e-03,
       1.30189648e-02, 6.86827302e-03, 2.46027671e-03, 1.03536649e-02,
       1.84520765e-03, 4.71553067e-03, 2.25525373e-03, 4.92055342e-03,
       1.84520765e-03, 3.79292667e-03, 2.58329064e-02, 7.17580738e-03,
       6.15069224e-03, 9.84110683e-03, 3.79292667e-03, 8.40594620e-03,
       5.43311145e-03, 3.79292667e-03, 2.97283451e-03, 2.15274212e-03,
       4.71553067e-03, 3.79292667e-03, 2.76781153e-03, 2.66529992e-03,
       2.46027671e-03, 3.07534612e-03, 3.28036910e-03, 4.81804227e-03,
       8.81599169e-03, 2.97283451e-03, 2.35776533e-03, 4.51050745e-03,
       1.25064068e-02, 3.69041529e-03, 3.69041529e-03, 2.76781153e-03,
       2.56278832e-03, 6.04818063e-03, 3.07534612e-03, 1.84520762e-02,
       2.15274212e-03, 3.17785749e-03, 2.46027671e-03, 2.56278832e-03,
       4.40799585e-03, 4.40799585e-03, 3.17785749e-03, 1.33264996e-03,
       3.89543828e-03, 3.17785749e-03, 5.74064581e-03, 2.05023075e-03,
       3.07534612e-03, 1.53767306e-03, 1.37365460e-02, 1.84520765e-03,
       2.87032290e-03, 3.89543828e-03, 2.87032290e-03, 2.87032290e-03,
       6.04818063e-03, 9.84110683e-03, 7.58585334e-03, 1.04561765e-02,
       4.20297310e-03, 3.28036910e-03, 3.58790369e-03, 2.56278832e-03,
       1.64018455e-03, 3.48539208e-03, 3.28036910e-03, 2.97283451e-03,
       2.25525373e-03, 1.33264996e-03, 8.81599169e-03, 2.46027671e-03,
       1.43516145e-03, 3.89543828e-03, 4.10046149e-03, 1.02511537e-03,
       3.17785749e-03, 2.66529992e-03, 5.53562306e-03, 6.45822659e-03,
       1.43516145e-03, 5.74064581e-03, 2.15274212e-03, 1.53767306e-03,
       2.87032290e-03 ]
