%YAML:1.0
mandawa-19mar31_2: !!opencv-matrix
   rows: 1
   cols: 200
   dt: f
   data: [ 2.26891600e-03, 3.84729216e-03, 1.10486336e-02,
       3.25540104e-03, 3.84729216e-03, 8.58242065e-03, 4.04458912e-03,
       4.43918351e-03, 2.56486144e-03, 4.53783199e-03, 8.08917824e-03,
       8.68106913e-03, 2.95945555e-02, 4.34053456e-03, 2.66350992e-03,
       5.03107440e-03, 4.83377744e-03, 1.07526882e-02, 3.55134672e-03,
       3.15675256e-03, 9.96350031e-03, 3.74864368e-03, 3.35404952e-03,
       2.36756448e-03, 4.63648047e-03, 3.15675256e-03, 4.73512895e-03,
       3.15675256e-03, 2.46621296e-03, 8.97701550e-03, 1.33175496e-02,
       3.45269800e-03, 3.64999520e-03, 5.82026271e-03, 4.93242592e-03,
       3.94594064e-03, 4.73512895e-03, 3.05810408e-03, 3.55134672e-03,
       9.07566398e-03, 5.12972288e-03, 2.86080712e-03, 4.83377744e-03,
       2.56486144e-03, 2.76215840e-03, 6.80674752e-03, 2.76215840e-03,
       3.05810408e-03, 4.34053456e-03, 4.43918351e-03, 2.76215840e-03,
       6.11620815e-03, 4.14323760e-03, 5.82026271e-03, 2.76215840e-03,
       3.45269800e-03, 4.43918351e-03, 2.95945560e-03, 3.74864368e-03,
       4.14323760e-03, 4.14323760e-03, 2.36756448e-03, 2.36756448e-03,
       1.44026838e-02, 7.79323280e-03, 2.66350992e-03, 2.76215840e-03,
       4.43918351e-03, 3.74864368e-03, 4.63648047e-03, 2.56486144e-03,
       6.01755967e-03, 3.45269800e-03, 1.87432184e-03, 3.94594064e-03,
       6.21485664e-03, 4.34053456e-03, 4.43918351e-03, 3.35404952e-03,
       4.34053456e-03, 4.83377744e-03, 1.01607973e-02, 2.46621296e-03,
       1.87432184e-03, 6.21485664e-03, 4.24188608e-03, 3.84729216e-03,
       3.35404952e-03, 4.53783199e-03, 1.87432184e-03, 2.26891600e-03,
       3.74864368e-03, 2.26891600e-03, 3.64999520e-03, 4.24188608e-03,
       8.18782672e-03, 4.24188608e-03, 1.97297032e-03, 3.84729216e-03,
       6.21485664e-03, 3.64999520e-03, 2.95945560e-03, 1.91378128e-02,
       3.84729216e-03, 4.83377744e-03, 4.04458912e-03, 6.60945056e-03,
       3.05810408e-03, 1.76580846e-02, 5.32701984e-03, 2.86080712e-03,
       4.24188608e-03, 6.21485664e-03, 2.56486144e-03, 3.45269800e-03,
       5.42566832e-03, 3.84729216e-03, 4.14323760e-03, 6.90539600e-03,
       5.62296528e-03, 2.17026728e-03, 3.55134672e-03, 3.74864368e-03,
       6.21485664e-03, 1.28243072e-03, 6.01755967e-03, 1.87432184e-03,
       3.60067077e-02, 5.62296528e-03, 1.36134950e-02, 2.07161880e-03,
       4.43918351e-03, 3.15675256e-03, 3.84729216e-03, 1.77567336e-03,
       2.66350992e-03, 2.07161880e-03, 5.42566832e-03, 3.64999520e-03,
       4.04458912e-03, 4.83377744e-03, 3.64999520e-03, 4.63648047e-03,
       2.26891600e-03, 4.83377744e-03, 3.94594064e-03, 3.64999520e-03,
       2.66350992e-03, 3.15675256e-03, 2.26891600e-03, 3.84729216e-03,
       6.51080208e-03, 1.22324163e-02, 3.55134672e-03, 9.27296095e-03,
       2.17026728e-03, 3.45269800e-03, 1.95324067e-02, 1.36134950e-02,
       5.72161423e-03, 4.83377744e-03, 1.00621488e-02, 1.41067384e-02,
       3.64999520e-03, 5.62296528e-03, 3.55134672e-03, 3.35404952e-03,
       3.84729216e-03, 4.63648047e-03, 2.95945560e-03, 2.56486144e-03,
       3.94594064e-03, 3.55134672e-03, 6.70809904e-03, 3.45269800e-03,
       9.86485160e-04, 4.34053456e-03, 3.45269800e-03, 2.95945560e-03,
       4.04458912e-03, 3.84729216e-03, 7.00404495e-03, 3.25540104e-03,
       3.25540104e-03, 3.15675256e-03, 3.05810408e-03, 4.34053456e-03,
       3.25540104e-03, 4.63648047e-03, 5.32701984e-03, 5.42566832e-03,
       3.94594064e-03, 3.15675256e-03, 2.26891600e-03, 3.45269800e-03,
       4.14323760e-03, 2.46621296e-03, 3.64999520e-03, 2.66350992e-03,
       4.53783199e-03 ]
