%YAML:1.0
mandawa-19mar18_22: !!opencv-matrix
   rows: 1
   cols: 200
   dt: f
   data: [ 2.15893891e-03, 7.29927002e-03, 5.65436389e-03,
       1.85051910e-03, 3.59823159e-03, 6.37401035e-03, 3.49542499e-03,
       4.52349102e-03, 7.60768959e-03, 3.39261838e-03, 4.31787781e-03,
       2.87858536e-03, 5.75717073e-03, 5.55155752e-03, 6.27120351e-03,
       1.23367948e-03, 5.96278394e-03, 4.31787781e-03, 8.43014289e-03,
       1.05890818e-02, 3.39261838e-03, 5.03752427e-03, 5.85997710e-03,
       5.14033111e-03, 1.06918886e-02, 5.96278394e-03, 2.67297216e-03,
       3.80384480e-03, 1.64490589e-03, 7.60768959e-03, 3.49542499e-03,
       5.96278394e-03, 3.28981178e-03, 6.06559031e-03, 5.85997710e-03,
       5.34594432e-03, 1.45985400e-02, 3.39261838e-03, 8.22452921e-03,
       3.59823159e-03, 7.40207639e-03, 7.19646318e-03, 5.55155752e-03,
       5.34594432e-03, 4.52349102e-03, 4.11226461e-03, 3.59823159e-03,
       1.95332570e-03, 7.71049643e-03, 4.21507144e-03, 3.18700518e-03,
       3.70103819e-03, 2.15893891e-03, 4.62629786e-03, 5.85997710e-03,
       7.40207639e-03, 2.87858536e-03, 7.09365681e-03, 2.05613230e-03,
       5.85997710e-03, 1.95332570e-03, 7.91610964e-03, 6.06559031e-03,
       9.86943580e-03, 4.11226472e-04, 4.93471790e-03, 4.11226461e-03,
       2.15893891e-03, 5.55155752e-03, 2.87858536e-03, 7.50488322e-03,
       2.77577876e-03, 4.93471790e-03, 6.88804360e-03, 2.15893891e-03,
       2.57016555e-03, 2.98139197e-03, 4.83191106e-03, 5.03752427e-03,
       3.70103819e-03, 2.15893891e-03, 1.85051910e-03, 7.40207639e-03,
       8.22452921e-03, 3.59823159e-03, 3.49542499e-03, 3.49542499e-03,
       8.32733605e-03, 3.49542499e-03, 4.72910423e-03, 4.52349102e-03,
       4.31787781e-03, 6.88804360e-03, 5.85997710e-03, 3.18700518e-03,
       3.18700518e-03, 5.14033111e-03, 3.59823159e-03, 4.00945824e-03,
       4.52349102e-03, 1.33648608e-03, 5.24313748e-03, 6.16839738e-04,
       3.08419857e-03, 2.87858536e-03, 5.24313748e-03, 1.17199542e-02,
       7.29927002e-03, 4.21507144e-03, 1.95332570e-03, 4.83191106e-03,
       8.73856246e-03, 2.77577876e-03, 1.35704735e-02, 5.24313748e-03,
       4.31787781e-03, 4.31787781e-03, 7.60768959e-03, 6.16839714e-03,
       1.31592471e-02, 2.26174551e-03, 5.14033111e-03, 3.59823159e-03,
       2.36455211e-03, 7.81330280e-03, 5.55155752e-03, 2.26174551e-03,
       8.63575563e-03, 6.06559031e-03, 5.96278394e-03, 3.49542499e-03,
       4.62629786e-03, 4.21507144e-03, 6.27120351e-03, 4.72910423e-03,
       4.00945824e-03, 7.19646318e-03, 5.96278394e-03, 3.18700518e-03,
       2.46735895e-03, 3.39261838e-03, 4.21507144e-03, 7.71049643e-03,
       2.87858536e-03, 1.85051910e-03, 6.99084997e-03, 6.27120351e-03,
       5.65436389e-03, 9.25259548e-04, 5.34594432e-03, 9.45820846e-03,
       1.43929264e-02, 2.26174551e-03, 3.59823159e-03, 2.26174551e-03,
       2.98139197e-03, 6.06559031e-03, 2.57016555e-03, 6.68243039e-03,
       6.99084997e-03, 7.60768959e-03, 4.21507144e-03, 2.98139197e-03,
       3.90665140e-03, 3.49542499e-03, 3.28981178e-03, 5.96278394e-03,
       5.75717073e-03, 4.42068465e-03, 7.91610964e-03, 3.90665140e-03,
       2.57016555e-03, 6.57962356e-03, 7.50488322e-03, 6.99084997e-03,
       8.22452921e-03, 4.31787781e-03, 6.37401035e-03, 4.62629786e-03,
       3.28981178e-03, 1.64490589e-03, 4.93471790e-03, 4.93471790e-03,
       2.05613230e-03, 3.08419857e-03, 4.83191106e-03, 1.05890818e-02,
       4.72910423e-03, 4.42068465e-03, 4.00945824e-03, 5.14033111e-03,
       3.08419857e-03, 1.01778554e-02, 4.42068465e-03, 4.52349102e-03,
       6.99084997e-03, 2.05613230e-03, 5.96278394e-03, 2.98139197e-03,
       2.26174551e-03 ]
