%YAML:1.0
mandawa-19mar20_22: !!opencv-matrix
   rows: 1
   cols: 200
   dt: f
   data: [ 3.38745466e-03, 5.78203471e-03, 4.90596890e-03,
       4.32192488e-03, 2.97862408e-03, 5.19799069e-03, 8.11821036e-03,
       1.05127906e-02, 3.73788108e-03, 3.44585907e-03, 4.43873368e-03,
       8.76065902e-03, 1.65284425e-02, 4.61394712e-03, 3.15383705e-03,
       3.73788108e-03, 4.08830727e-03, 7.12533575e-03, 5.84043935e-03,
       4.43873368e-03, 2.47634631e-02, 2.97862408e-03, 7.24214455e-03,
       3.91309429e-03, 3.38745466e-03, 3.85468989e-03, 2.04415363e-03,
       4.38032951e-03, 2.56979326e-03, 4.26352071e-03, 7.12533575e-03,
       6.30767411e-03, 3.21224146e-03, 3.97149846e-03, 7.70937977e-03,
       3.15383705e-03, 2.10255804e-03, 2.80341087e-03, 2.68660206e-03,
       5.95724816e-03, 3.32905026e-03, 4.20511607e-03, 5.25639532e-03,
       3.21224146e-03, 2.80341087e-03, 4.26352071e-03, 5.49001293e-03,
       4.55554249e-03, 4.78916010e-03, 4.32192488e-03, 2.92021967e-03,
       3.38745466e-03, 4.14671190e-03, 3.91309429e-03, 4.08830727e-03,
       5.78203471e-03, 1.02207689e-02, 2.97862408e-03, 4.73075593e-03,
       4.38032951e-03, 4.32192488e-03, 4.08830727e-03, 3.85468989e-03,
       9.34470259e-03, 8.99427664e-03, 3.73788108e-03, 4.61394712e-03,
       5.95724816e-03, 3.50426347e-03, 8.41023214e-03, 5.02277771e-03,
       4.61394712e-03, 3.09543288e-03, 3.79628548e-03, 3.62107228e-03,
       3.50426347e-03, 4.08830727e-03, 6.01565233e-03, 3.21224146e-03,
       9.22789425e-03, 1.58275906e-02, 1.12720476e-02, 2.04415363e-03,
       4.55554249e-03, 6.65810052e-03, 3.50426347e-03, 3.97149846e-03,
       1.16808787e-02, 4.38032951e-03, 3.62107228e-03, 3.21224146e-03,
       2.51138886e-03, 2.74500647e-03, 3.32905026e-03, 6.19086577e-03,
       6.24926994e-03, 3.79628548e-03, 4.78916010e-03, 2.21936684e-03,
       4.26352071e-03, 3.09543288e-03, 5.02277771e-03, 1.22065181e-02,
       4.61394712e-03, 4.38032951e-03, 3.91309429e-03, 6.77490933e-03,
       4.55554249e-03, 3.15383705e-03, 4.14671190e-03, 3.79628548e-03,
       3.67947668e-03, 4.26352071e-03, 2.74500647e-03, 3.85468989e-03,
       8.46863724e-03, 3.03702848e-03, 3.50426347e-03, 3.15383705e-03,
       4.61394712e-03, 3.21224146e-03, 5.66522591e-03, 3.97149846e-03,
       3.44585907e-03, 4.67235129e-03, 5.84043935e-03, 1.13304518e-02,
       1.16224736e-02, 3.27064586e-03, 3.50426347e-03, 3.44585907e-03,
       2.92021967e-03, 3.27064586e-03, 6.65810052e-03, 2.04415363e-03,
       3.27064586e-03, 2.68660206e-03, 3.62107228e-03, 3.32905026e-03,
       3.56266787e-03, 3.56266787e-03, 2.56979326e-03, 6.36607874e-03,
       3.15383705e-03, 1.57691853e-03, 2.39458005e-03, 3.62107228e-03,
       4.49713832e-03, 1.81053614e-03, 3.73788108e-03, 2.62819766e-03,
       1.31409885e-02, 2.51138886e-03, 3.73788108e-03, 5.54841710e-03,
       7.65097514e-03, 3.21224146e-03, 1.49515243e-02, 8.81906319e-03,
       4.78916010e-03, 1.98574923e-03, 7.65097514e-03, 1.40754580e-02,
       5.49001293e-03, 3.79628548e-03, 4.14671190e-03, 5.78203471e-03,
       3.38745466e-03, 3.85468989e-03, 2.80341087e-03, 3.44585907e-03,
       3.27064586e-03, 3.91309429e-03, 4.67235129e-03, 3.03702848e-03,
       4.32192488e-03, 8.99427664e-03, 3.27064586e-03, 3.56266787e-03,
       4.02990310e-03, 8.00140202e-03, 4.14671190e-03, 4.78916010e-03,
       4.08830727e-03, 2.92021967e-03, 3.50426347e-03, 3.91309429e-03,
       3.85468989e-03, 4.14671190e-03, 2.68660206e-03, 1.83389783e-02,
       4.08830727e-03, 4.55554249e-03, 2.97862408e-03, 1.15056653e-02,
       3.67947668e-03, 2.80341087e-03, 5.13958652e-03, 2.92021967e-03,
       3.67947668e-03 ]
