%YAML:1.0
mandawa-19mar32_11: !!opencv-matrix
   rows: 1
   cols: 200
   dt: f
   data: [ 3.77049181e-03, 6.25683088e-03, 1.83060113e-02,
       5.90163935e-03, 4.64480883e-03, 4.18032799e-03, 3.96174891e-03,
       6.91256858e-03, 4.28961776e-03, 6.93989079e-03, 5.54644829e-03,
       3.30601097e-03, 5.51912561e-03, 3.79781425e-03, 2.70491815e-03,
       4.78142081e-03, 8.41530040e-03, 1.00819673e-02, 3.14207654e-03,
       3.06010945e-03, 4.04371601e-03, 4.89071058e-03, 3.14207654e-03,
       4.09836089e-03, 3.46994540e-03, 5.02732256e-03, 2.40437174e-03,
       2.81420769e-03, 1.63934426e-03, 4.72677592e-03, 2.78688525e-03,
       4.37158486e-03, 4.18032799e-03, 3.68852471e-03, 3.85245914e-03,
       4.28961776e-03, 1.42076507e-03, 2.40437174e-03, 4.37158486e-03,
       4.01639333e-03, 3.08743166e-03, 4.34426218e-03, 4.99999989e-03,
       6.09289622e-03, 4.72677592e-03, 2.67759571e-03, 6.61202194e-03,
       8.16939864e-03, 2.89617502e-03, 2.92349723e-03, 3.44262295e-03,
       1.69398915e-03, 1.10655744e-02, 6.42076507e-03, 6.80327881e-03,
       4.07103822e-03, 4.04371601e-03, 1.77595636e-03, 4.31693997e-03,
       6.66666683e-03, 3.68852471e-03, 4.91803279e-03, 1.51092904e-02,
       1.28142079e-02, 1.68852471e-02, 7.02185789e-03, 6.44808775e-03,
       2.40437174e-03, 3.46994540e-03, 3.96174891e-03, 5.05464477e-03,
       6.25683088e-03, 7.24043744e-03, 2.07650289e-03, 3.90710402e-03,
       2.89617502e-03, 3.00546456e-03, 3.68852471e-03, 3.63387982e-03,
       4.34426218e-03, 4.86338791e-03, 1.12295086e-02, 4.59016394e-03,
       2.70491815e-03, 2.24043732e-03, 3.74316960e-03, 1.99453556e-03,
       3.25136608e-03, 1.88524590e-03, 6.01092912e-03, 8.27868842e-03,
       3.33333341e-03, 5.13661234e-03, 4.15300578e-03, 5.84699446e-03,
       6.06557401e-03, 4.26229509e-03, 4.64480883e-03, 5.54644829e-03,
       6.91256858e-03, 2.59562838e-03, 5.24590164e-03, 3.82513669e-03,
       6.12021890e-03, 5.90163935e-03, 3.25136608e-03, 1.10655744e-02,
       4.01639333e-03, 6.96721347e-03, 3.25136608e-03, 3.55191273e-03,
       7.18579255e-03, 5.46448119e-03, 3.16939899e-03, 4.69945371e-03,
       4.89071058e-03, 8.96174926e-03, 3.46994540e-03, 4.18032799e-03,
       1.85792358e-03, 3.41530051e-03, 1.88797824e-02, 8.08743201e-03,
       4.04371601e-03, 7.73224048e-03, 3.68852471e-03, 6.85792370e-03,
       3.77049181e-03, 4.72677592e-03, 9.83606558e-03, 4.20765020e-03,
       7.34972674e-03, 4.75409860e-03, 4.56284173e-03, 4.12568310e-03,
       6.22950820e-03, 1.83060113e-03, 3.30601097e-03, 2.18579243e-03,
       8.68852437e-03, 3.22404387e-03, 4.34426218e-03, 5.71038248e-03,
       4.86338791e-03, 9.48087499e-03, 2.37704930e-03, 2.95081967e-03,
       3.66120227e-03, 3.19672143e-03, 3.25136608e-03, 8.46994575e-03,
       2.07650289e-03, 4.91803279e-03, 7.70491827e-03, 2.73224059e-03,
       6.55737706e-03, 2.67759571e-03, 3.00546456e-03, 3.82513669e-03,
       1.04644811e-02, 2.95081967e-03, 2.86885258e-03, 3.82513669e-03,
       3.68852471e-03, 5.51912561e-03, 4.69945371e-03, 3.14207654e-03,
       3.82513669e-03, 6.80327881e-03, 4.18032799e-03, 2.86885258e-03,
       5.08196745e-03, 9.53551941e-03, 9.61748697e-03, 6.06557401e-03,
       2.43169395e-03, 5.21857943e-03, 3.38797830e-03, 4.04371601e-03,
       2.32240441e-03, 5.98360691e-03, 4.28961776e-03, 4.72677592e-03,
       5.19125676e-03, 3.87978158e-03, 5.40983630e-03, 3.79781425e-03,
       2.54098373e-03, 3.82513669e-03, 6.99453568e-03, 4.01639333e-03,
       5.57377050e-03, 2.89617502e-03, 1.99453556e-03, 4.91803279e-03,
       4.20765020e-03, 9.18032788e-03, 4.20765020e-03, 6.36612019e-03,
       4.97267768e-03 ]
