%YAML:1.0
mandawa-19mar30_1: !!opencv-matrix
   rows: 1
   cols: 200
   dt: f
   data: [ 3.85480234e-03, 3.96188023e-03, 1.45625873e-02,
       3.64064681e-03, 3.21233529e-03, 3.96188023e-03, 3.53356893e-03,
       6.53174846e-03, 2.89110187e-03, 4.49726963e-03, 5.99635951e-03,
       7.38837151e-03, 3.55498455e-02, 4.92558070e-03, 3.74772470e-03,
       4.28311387e-03, 4.28311387e-03, 9.74408351e-03, 2.89110187e-03,
       2.35571270e-03, 2.17368025e-02, 3.21233529e-03, 2.24863482e-03,
       1.71324553e-03, 5.03265858e-03, 4.39019175e-03, 3.53356893e-03,
       4.92558070e-03, 2.35571270e-03, 1.48838209e-02, 1.04936287e-02,
       3.42649105e-03, 3.85480234e-03, 2.46279035e-03, 4.60434752e-03,
       3.96188023e-03, 2.99817976e-03, 2.03447905e-03, 3.10525740e-03,
       1.14573296e-02, 6.21051481e-03, 2.14155694e-03, 3.96188023e-03,
       5.99635951e-03, 2.56986823e-03, 2.00235564e-02, 2.35571270e-03,
       3.10525740e-03, 2.67694611e-03, 2.35571270e-03, 3.10525740e-03,
       2.14155694e-03, 4.49726963e-03, 6.21051481e-03, 2.14155694e-03,
       3.64064681e-03, 4.39019175e-03, 2.46279035e-03, 3.96188023e-03,
       3.85480234e-03, 3.85480234e-03, 1.39201200e-03, 3.74772470e-03,
       1.97023228e-02, 7.17421575e-03, 1.60616764e-03, 2.99817976e-03,
       4.49726963e-03, 4.92558070e-03, 4.49726963e-03, 2.56986823e-03,
       4.92558070e-03, 2.35571270e-03, 1.60616764e-03, 2.78402399e-03,
       9.42285080e-03, 4.49726963e-03, 3.10525740e-03, 4.17603599e-03,
       1.92740117e-03, 2.24863482e-03, 8.99453927e-03, 2.78402399e-03,
       1.39201200e-03, 5.88928163e-03, 6.53174846e-03, 1.49908988e-03,
       3.10525740e-03, 3.31941317e-03, 9.63700586e-04, 1.71324553e-03,
       2.56986823e-03, 2.24863482e-03, 4.17603599e-03, 3.74772470e-03,
       7.38837151e-03, 4.17603599e-03, 1.82032341e-03, 2.24863482e-03,
       6.85298210e-03, 1.92740117e-03, 2.67694611e-03, 2.71977726e-02,
       2.99817976e-03, 5.67512587e-03, 3.74772470e-03, 5.88928163e-03,
       1.39201200e-03, 1.17785633e-02, 2.78402399e-03, 1.28493411e-03,
       3.10525740e-03, 7.17421575e-03, 3.21233529e-03, 1.39201200e-03,
       4.60434752e-03, 3.53356893e-03, 3.31941317e-03, 3.53356893e-03,
       7.06713786e-03, 1.07077847e-03, 2.78402399e-03, 3.96188023e-03,
       5.35389222e-03, 1.71324553e-03, 4.39019175e-03, 3.10525740e-03,
       3.31941321e-02, 3.42649105e-03, 1.69182997e-02, 2.03447905e-03,
       2.35571270e-03, 2.78402399e-03, 3.21233529e-03, 3.64064681e-03,
       2.35571270e-03, 1.82032341e-03, 5.67512587e-03, 3.10525740e-03,
       3.74772470e-03, 3.31941317e-03, 2.89110187e-03, 3.74772470e-03,
       2.35571270e-03, 2.56986823e-03, 2.99817976e-03, 2.78402399e-03,
       2.03447905e-03, 2.46279035e-03, 3.10525740e-03, 4.60434752e-03,
       8.03083833e-03, 1.04936287e-02, 3.42649105e-03, 9.52992868e-03,
       4.60434752e-03, 2.03447905e-03, 3.54427658e-02, 2.10943352e-02,
       3.96188023e-03, 5.24681434e-03, 1.00653172e-02, 1.70253776e-02,
       2.67694611e-03, 3.42649105e-03, 3.74772470e-03, 2.78402399e-03,
       4.28311387e-03, 5.35389222e-03, 2.67694611e-03, 1.60616764e-03,
       3.42649105e-03, 3.64064681e-03, 3.96188023e-03, 2.89110187e-03,
       2.24863482e-03, 3.21233529e-03, 2.99817976e-03, 2.35571270e-03,
       2.67694611e-03, 4.17603599e-03, 1.18856411e-02, 3.21233529e-03,
       4.17603599e-03, 2.89110187e-03, 2.99817976e-03, 3.10525740e-03,
       3.21233529e-03, 4.39019175e-03, 5.24681434e-03, 1.71324553e-03,
       2.78402399e-03, 1.71324553e-03, 3.10525740e-03, 1.28493411e-03,
       3.85480234e-03, 2.99817976e-03, 5.67512587e-03, 2.14155694e-03,
       3.21233529e-03 ]
