%YAML:1.0
mandawa056: !!opencv-matrix
   rows: 1
   cols: 200
   dt: f
   data: [ 4.00295574e-03, 1.53959845e-03, 3.07919690e-03,
       7.88274407e-03, 2.15543783e-03, 4.12612408e-03, 3.75662022e-03,
       3.94137204e-03, 7.02056894e-03, 3.32553266e-03, 4.24929149e-03,
       2.58652540e-03, 7.32848886e-03, 4.06453991e-03, 4.55721142e-03,
       5.91205806e-03, 3.75662022e-03, 4.12612408e-03, 3.63345235e-03,
       5.29621867e-03, 5.54255443e-03, 1.60118239e-03, 5.60413860e-03,
       1.47801451e-03, 4.68037929e-03, 4.18770779e-03, 4.06453991e-03,
       2.34018965e-03, 7.94432778e-03, 4.06453991e-03, 6.03522593e-03,
       3.01761297e-03, 2.03226996e-03, 4.06453991e-03, 4.80354717e-03,
       3.81820416e-03, 2.55573336e-02, 1.97068602e-03, 1.47801451e-03,
       8.00591148e-03, 6.34314585e-03, 3.26394872e-03, 4.92671505e-03,
       5.35780285e-03, 4.86513134e-03, 2.03226996e-03, 5.60413860e-03,
       4.06453991e-03, 6.46631327e-03, 3.32553266e-03, 6.58948161e-03,
       2.15543783e-03, 6.52789744e-03, 4.68037929e-03, 3.87978810e-03,
       7.82116037e-03, 7.88274407e-03, 3.20236478e-03, 5.97364176e-03,
       3.32553266e-03, 1.25015397e-02, 3.01761297e-03, 6.89740106e-03,
       1.45953931e-02, 1.20088682e-02, 6.58948161e-03, 2.46335752e-03,
       1.51496492e-02, 3.14078084e-03, 4.31087567e-03, 3.63345235e-03,
       5.54255443e-03, 3.63345235e-03, 3.81820416e-03, 5.72730601e-03,
       3.01761297e-03, 4.06453991e-03, 2.83286115e-03, 3.07919690e-03,
       3.07919690e-03, 7.39007257e-03, 5.23463450e-03, 5.72730601e-03,
       2.64810934e-03, 3.63345235e-03, 7.08215311e-03, 6.21997751e-03,
       3.20236478e-03, 5.72730601e-03, 1.18241161e-02, 3.63345235e-03,
       5.17305080e-03, 3.57186841e-03, 4.43404354e-03, 3.87978810e-03,
       4.18770779e-03, 4.12612408e-03, 4.06453991e-03, 1.41643058e-03,
       7.57482462e-03, 4.24929149e-03, 5.85047435e-03, 7.39007257e-03,
       1.78593420e-03, 9.73026268e-03, 4.86513134e-03, 7.45165627e-03,
       1.72435027e-03, 1.66276633e-03, 4.37245984e-03, 3.26394872e-03,
       4.06453991e-03, 3.32553266e-03, 5.85047435e-03, 6.15839381e-03,
       4.80354717e-03, 4.92671505e-03, 4.06453991e-03, 5.48097026e-03,
       9.66867805e-03, 6.83581736e-03, 1.37332184e-02, 2.95602903e-03,
       8.80650338e-03, 3.38711659e-03, 6.28156168e-03, 1.60118239e-03,
       2.21702177e-03, 3.57186841e-03, 4.98829875e-03, 5.04988292e-03,
       4.00295574e-03, 2.26013046e-02, 3.26394872e-03, 3.07919690e-03,
       6.09681010e-03, 2.52494146e-03, 1.72435027e-03, 5.48097026e-03,
       8.12907983e-03, 3.57186841e-03, 4.80354717e-03, 4.12612408e-03,
       3.87978810e-03, 2.89444509e-03, 4.49562725e-03, 2.83286115e-03,
       1.72435027e-03, 6.09681010e-03, 5.35780285e-03, 8.92967079e-03,
       5.17305080e-03, 5.23463450e-03, 5.17305080e-03, 4.24929149e-03,
       7.39007257e-04, 4.92671505e-03, 3.57186841e-03, 2.34018965e-03,
       2.15543783e-03, 2.34018965e-03, 1.97068602e-03, 6.40472956e-03,
       3.51028447e-03, 5.66572230e-03, 1.83520131e-02, 4.37245984e-03,
       6.28156168e-03, 5.11146709e-03, 3.38711659e-03, 5.60413860e-03,
       2.52494146e-03, 1.84751814e-03, 2.34018965e-03, 6.46631327e-03,
       1.25015397e-02, 5.48097026e-03, 3.94137204e-03, 6.77423319e-03,
       3.20236478e-03, 5.97364176e-03, 3.81820416e-03, 4.98829875e-03,
       5.41938655e-03, 4.43404354e-03, 1.04692695e-03, 5.91205806e-03,
       2.40177359e-03, 7.45165627e-03, 3.75662022e-03, 5.66572230e-03,
       4.86513134e-03, 2.58652540e-03, 2.83286115e-03, 4.06453991e-03,
       6.15839381e-03, 2.64810934e-03, 2.15543783e-03, 5.35780285e-03,
       4.31087567e-03 ]
