%YAML:1.0
mandawa-19mar34_22: !!opencv-matrix
   rows: 1
   cols: 200
   dt: f
   data: [ 2.70751142e-03, 4.09994600e-03, 8.04517698e-03,
       2.63015414e-03, 3.24901380e-03, 2.86222645e-03, 4.17730352e-03,
       3.63580114e-03, 5.10559324e-03, 4.87352069e-03, 4.64144815e-03,
       1.49299921e-02, 2.64562555e-02, 2.39808159e-03, 4.17730352e-03,
       4.95087821e-03, 3.17165628e-03, 1.29186977e-02, 2.47543911e-03,
       4.56409063e-03, 3.07109170e-02, 5.41502284e-03, 2.63015414e-03,
       4.79616318e-03, 1.85657933e-03, 2.63015414e-03, 2.63015414e-03,
       4.48673358e-03, 2.24336679e-03, 1.57035664e-02, 4.17730352e-03,
       4.71880566e-03, 2.86222645e-03, 2.93958397e-03, 2.01129424e-03,
       2.24336679e-03, 4.09994600e-03, 4.87352069e-03, 3.17165628e-03,
       1.05979741e-02, 3.09429877e-03, 4.17730352e-03, 2.78486894e-03,
       6.11124048e-03, 3.40372883e-03, 1.84884351e-02, 4.56409063e-03,
       2.70751142e-03, 4.17730352e-03, 3.24901380e-03, 2.93958397e-03,
       3.01694148e-03, 3.40372883e-03, 4.95087821e-03, 2.86222645e-03,
       4.25466103e-03, 4.87352069e-03, 2.78486894e-03, 3.01694148e-03,
       3.32637131e-03, 4.17730352e-03, 4.09994600e-03, 1.85657933e-03,
       1.38469879e-02, 7.96781946e-03, 2.24336679e-03, 3.24901380e-03,
       5.10559324e-03, 4.40937607e-03, 4.48673358e-03, 4.33201855e-03,
       4.87352069e-03, 7.50367483e-03, 2.70751142e-03, 3.79051617e-03,
       4.56409063e-03, 1.85657933e-03, 4.64144815e-03, 2.32072407e-03,
       4.87352069e-03, 3.63580114e-03, 9.59232636e-03, 3.63580114e-03,
       4.25466103e-03, 1.40017029e-02, 6.96217269e-03, 1.31507707e-03,
       5.26030827e-03, 3.01694148e-03, 3.55844363e-03, 2.63015414e-03,
       2.78486894e-03, 1.77922181e-03, 3.32637131e-03, 5.26030827e-03,
       1.21451234e-02, 2.86222645e-03, 2.93958397e-03, 4.02258849e-03,
       1.16036208e-02, 3.17165628e-03, 2.55279662e-03, 1.95714403e-02,
       3.01694148e-03, 3.01694148e-03, 1.70186441e-03, 7.19424477e-03,
       5.49238035e-03, 1.23771955e-03, 3.24901380e-03, 4.56409063e-03,
       3.48108634e-03, 3.24901380e-03, 2.16600928e-03, 5.56973787e-03,
       2.47543911e-03, 3.24901380e-03, 3.01694148e-03, 2.47543911e-03,
       5.87916793e-03, 2.16600928e-03, 6.03388296e-03, 5.72445290e-03,
       4.56409063e-03, 2.47543911e-03, 4.17730352e-03, 4.02258849e-03,
       1.84884351e-02, 2.78486894e-03, 1.77922181e-03, 4.64144815e-03,
       2.39808159e-03, 4.48673358e-03, 5.33766579e-03, 2.55279662e-03,
       3.40372883e-03, 3.01694148e-03, 2.86222645e-03, 4.17730352e-03,
       5.02823573e-03, 4.87352069e-03, 2.55279662e-03, 3.09429877e-03,
       2.39808159e-03, 2.86222645e-03, 7.89046194e-03, 2.78486894e-03,
       4.56409063e-03, 2.47543911e-03, 4.87352069e-03, 2.86222645e-03,
       8.19989201e-03, 6.03388296e-03, 2.86222645e-03, 5.72445290e-03,
       4.95087821e-03, 2.55279662e-03, 3.45787890e-02, 1.57809239e-02,
       2.47543911e-03, 3.79051617e-03, 2.70751142e-03, 6.80745766e-03,
       1.93393684e-03, 2.63015414e-03, 2.47543911e-03, 2.78486894e-03,
       8.35460704e-03, 6.65274262e-03, 2.63015414e-03, 2.39808159e-03,
       5.49238035e-03, 2.47543911e-03, 3.40372883e-03, 2.32072407e-03,
       2.55279662e-03, 4.09994600e-03, 3.71315866e-03, 2.01129424e-03,
       4.25466103e-03, 5.80181042e-03, 1.36922728e-02, 4.09994600e-03,
       4.40937607e-03, 2.70751142e-03, 6.03388296e-03, 4.09994600e-03,
       3.55844363e-03, 3.48108634e-03, 3.01694148e-03, 9.28289630e-03,
       2.78486894e-03, 4.48673358e-03, 2.01129424e-03, 9.20553878e-03,
       4.17730352e-03, 4.56409063e-03, 1.09847607e-02, 2.55279662e-03,
       2.16600928e-03 ]
