%YAML:1.0
mandawa-19mar42_1: !!opencv-matrix
   rows: 1
   cols: 200
   dt: f
   data: [ 3.04723205e-03, 8.56127124e-03, 7.90829211e-03,
       5.07871993e-03, 2.75701936e-03, 3.33744450e-03, 5.00616664e-03,
       5.07871993e-03, 1.93716884e-02, 2.75701936e-03, 2.32170057e-03,
       2.24914751e-03, 3.99042293e-03, 1.95893482e-03, 3.84531659e-03,
       2.46680691e-03, 6.81999559e-03, 4.71595442e-03, 2.75701936e-03,
       1.30595663e-03, 3.77276354e-03, 3.55510390e-03, 2.90212571e-03,
       3.04723205e-03, 2.97467876e-03, 3.55510390e-03, 4.13552905e-03,
       2.97467876e-03, 3.11978511e-03, 2.97467876e-03, 3.19233816e-03,
       4.20808233e-03, 2.61191325e-03, 5.73169813e-03, 4.35318844e-03,
       4.57084784e-03, 3.70021025e-03, 3.48255085e-03, 2.90212571e-03,
       5.29637933e-03, 2.75701936e-03, 3.26489145e-03, 3.11978511e-03,
       2.61191325e-03, 2.75701936e-03, 2.46680691e-03, 2.90212571e-03,
       4.28063562e-03, 4.35318844e-03, 2.75701936e-03, 3.99042293e-03,
       3.48255085e-03, 7.40042049e-03, 4.13552905e-03, 5.73169813e-03,
       1.40753100e-02, 4.06297576e-03, 4.13552905e-03, 2.53935996e-03,
       3.55510390e-03, 5.73169813e-03, 2.03148788e-03, 2.00246666e-02,
       4.13552895e-02, 7.83573929e-03, 3.62765719e-03, 2.53935996e-03,
       1.36399912e-02, 1.95893482e-03, 2.90212571e-03, 2.39425362e-03,
       3.40999779e-03, 2.61191325e-03, 5.15127322e-03, 3.04723205e-03,
       3.84531659e-03, 3.48255085e-03, 1.17536094e-02, 2.46680691e-03,
       3.91786965e-03, 2.32170057e-03, 3.33744450e-03, 5.58659201e-03,
       6.38467632e-03, 3.33744450e-03, 4.71595442e-03, 3.40999779e-03,
       8.27105809e-03, 2.97467876e-03, 6.89254841e-03, 6.89254841e-03,
       4.06297576e-03, 3.91786965e-03, 2.32170057e-03, 2.10404117e-03,
       2.97467876e-03, 3.99042293e-03, 1.14633963e-02, 2.97467876e-03,
       1.88638177e-03, 3.55510390e-03, 2.46680691e-03, 4.42574173e-03,
       2.61191325e-03, 5.58659201e-03, 3.26489145e-03, 3.50431688e-02,
       2.17659422e-03, 2.53935996e-03, 2.39425362e-03, 2.68446631e-03,
       1.03025464e-02, 1.95893482e-03, 3.40999779e-03, 1.66146699e-02,
       1.74127542e-03, 6.31212350e-03, 2.61191325e-03, 4.20808233e-03,
       2.53935996e-03, 2.75701936e-03, 1.57440323e-02, 1.66872225e-03,
       5.73169813e-03, 1.50185004e-02, 5.51403873e-03, 2.75701936e-03,
       8.19850527e-03, 3.33744450e-03, 4.64340113e-03, 3.48255085e-03,
       3.19233816e-03, 1.13908434e-02, 1.66872225e-03, 1.88638177e-03,
       2.82957265e-03, 3.99042293e-03, 2.17659422e-03, 4.20808233e-03,
       7.18276110e-03, 2.61191325e-03, 4.06297576e-03, 3.70021025e-03,
       1.16085028e-02, 3.55510390e-03, 2.53935996e-03, 2.61191325e-03,
       2.53935996e-03, 4.78850724e-03, 5.22382651e-03, 4.16455045e-02,
       2.68446631e-03, 2.46680691e-03, 3.91786965e-03, 2.90212571e-03,
       3.48255085e-03, 2.97467876e-03, 3.62765719e-03, 1.95893482e-03,
       6.67488901e-03, 7.18276110e-03, 2.46680691e-03, 3.91786965e-03,
       2.39425362e-03, 1.74127542e-03, 1.00848870e-02, 2.46680691e-03,
       5.15127322e-03, 2.75701936e-03, 2.32170057e-03, 4.20808233e-03,
       1.55989258e-02, 1.15359500e-02, 1.23340338e-02, 1.45106285e-03,
       4.20808233e-03, 2.24914751e-03, 4.06297576e-03, 4.71595442e-03,
       2.61191325e-03, 3.55510390e-03, 2.61191325e-03, 3.26489145e-03,
       5.15127322e-03, 1.88638177e-03, 3.55510390e-03, 3.26489145e-03,
       1.52361603e-03, 1.22614810e-02, 1.81382860e-03, 2.82957265e-03,
       3.11978511e-03, 4.13552905e-03, 4.57084784e-03, 2.24914751e-03,
       3.99042293e-03, 2.24914751e-03, 2.10404117e-03, 2.97467876e-03,
       3.70021025e-03 ]
