%YAML:1.0
mandawa-19mar34_31: !!opencv-matrix
   rows: 1
   cols: 200
   dt: f
   data: [ 3.58168618e-03, 2.12873798e-03, 6.28484553e-03,
       2.90589640e-03, 2.77073844e-03, 2.43284344e-03, 2.63558049e-03,
       2.83831730e-03, 2.63558049e-03, 7.60263577e-03, 9.29211080e-03,
       5.57526620e-03, 2.44635921e-02, 3.91958095e-03, 2.87210685e-03,
       2.63558049e-03, 3.75063368e-03, 8.21084715e-03, 5.30495029e-03,
       3.27758072e-03, 2.36188546e-02, 3.88579164e-03, 5.81179280e-03,
       6.18347712e-03, 2.16252753e-03, 2.39905389e-03, 2.16252753e-03,
       3.44652822e-03, 3.44652822e-03, 2.86534894e-02, 6.85926713e-03,
       2.56800139e-03, 3.98716005e-03, 4.02094983e-03, 2.39905389e-03,
       3.41273868e-03, 3.31137027e-03, 2.33147503e-03, 3.41273868e-03,
       5.40631870e-03, 5.37252938e-03, 5.60905598e-03, 2.80452799e-03,
       6.01452962e-03, 3.41273868e-03, 2.13549584e-02, 2.90589640e-03,
       2.43284344e-03, 3.48031777e-03, 6.75789872e-03, 3.48031777e-03,
       4.18989686e-03, 3.98716005e-03, 6.96063554e-03, 4.93326597e-03,
       2.19631707e-03, 3.54789663e-03, 4.52779187e-03, 6.52137212e-03,
       4.66295006e-03, 3.34515981e-03, 2.12873798e-03, 2.12873798e-03,
       6.35242462e-03, 7.09579326e-03, 2.09494843e-03, 4.86568687e-03,
       3.58168618e-03, 5.94695052e-03, 1.99358002e-03, 2.83831730e-03,
       3.61547573e-03, 3.24379141e-03, 3.07484390e-03, 4.15610755e-03,
       2.23010662e-03, 2.53421185e-03, 3.44652822e-03, 4.39263415e-03,
       1.99358002e-03, 2.93968595e-03, 8.71768873e-03, 4.05473914e-03,
       4.59537096e-03, 1.30089549e-02, 1.01030581e-02, 2.80452799e-03,
       2.36526458e-03, 4.32505505e-03, 1.65568513e-03, 3.61547573e-03,
       3.68305459e-03, 2.36526458e-03, 3.27758072e-03, 3.44652822e-03,
       1.33130597e-02, 5.30495029e-03, 3.61547573e-03, 3.34515981e-03,
       1.27048492e-02, 5.13600279e-03, 4.25747596e-03, 2.16252748e-02,
       2.29768548e-03, 3.14242276e-03, 2.02736957e-03, 1.17587438e-02,
       3.68305459e-03, 4.22368664e-03, 2.23010662e-03, 3.31137027e-03,
       5.54147689e-03, 7.09579326e-03, 3.41273868e-03, 3.44652822e-03,
       4.18989686e-03, 2.16252753e-03, 3.00726481e-03, 3.58168618e-03,
       3.88579164e-03, 2.36526458e-03, 9.32590012e-03, 6.75789872e-03,
       2.90589640e-03, 3.07484390e-03, 2.06115912e-03, 9.42726806e-03,
       6.28484553e-03, 3.64926527e-03, 4.49400255e-03, 2.90589640e-03,
       3.58168618e-03, 2.46663298e-03, 3.37894936e-03, 9.79895238e-04,
       2.66936980e-03, 4.66295006e-03, 6.96063554e-03, 3.31137027e-03,
       3.95337073e-03, 4.89947665e-03, 2.53421185e-03, 2.87210685e-03,
       3.68305459e-03, 2.29768548e-03, 3.44652822e-03, 3.31137027e-03,
       5.71042439e-03, 2.60179094e-03, 4.89947665e-03, 3.51410732e-03,
       9.63000581e-03, 2.33147503e-03, 3.31137027e-03, 7.80537259e-03,
       1.06774792e-02, 2.12873798e-03, 1.03733744e-02, 2.21996959e-02,
       2.56800139e-03, 2.50042253e-03, 7.43368827e-03, 1.49011659e-02,
       2.19631707e-03, 3.51410732e-03, 2.66936980e-03, 2.56800139e-03,
       1.21304281e-02, 7.90674146e-03, 3.51410732e-03, 3.68305459e-03,
       4.08852845e-03, 2.50042253e-03, 5.33873960e-03, 3.14242276e-03,
       2.77073844e-03, 1.18263229e-03, 5.87937189e-03, 3.37894936e-03,
       3.78442323e-03, 1.24007436e-02, 2.93968595e-03, 5.37252938e-03,
       3.34515981e-03, 2.56800139e-03, 8.65011010e-03, 5.16979257e-03,
       6.08210871e-03, 4.79810778e-03, 2.83831730e-03, 6.14968780e-03,
       2.36526458e-03, 3.88579164e-03, 3.54789663e-03, 5.03463438e-03,
       2.46663298e-03, 3.21000186e-03, 1.15897963e-02, 3.54789663e-03,
       2.87210685e-03 ]
