%YAML:1.0
mandawa-19mar32_11: !!opencv-matrix
   rows: 1
   cols: 200
   dt: f
   data: [ 5.81967225e-03, 3.66120227e-03, 6.28415309e-03,
       4.97267768e-03, 2.48633884e-03, 2.97814212e-03, 4.01639333e-03,
       5.54644829e-03, 4.07103822e-03, 9.56284162e-03, 7.07650278e-03,
       4.97267768e-03, 1.50546450e-02, 5.16393455e-03, 3.82513669e-03,
       5.54644829e-03, 4.18032799e-03, 4.56284173e-03, 3.06010945e-03,
       5.08196745e-03, 9.31693986e-03, 4.42622975e-03, 3.11475410e-03,
       4.97267768e-03, 1.36612030e-03, 2.34972686e-03, 1.63934426e-03,
       7.18579255e-03, 3.19672143e-03, 1.12841530e-02, 6.50273217e-03,
       4.18032799e-03, 5.46448119e-03, 4.94535547e-03, 2.89617502e-03,
       3.68852471e-03, 4.69945371e-03, 3.41530051e-03, 3.77049181e-03,
       4.20765020e-03, 6.12021890e-03, 3.11475410e-03, 4.56284173e-03,
       5.98360691e-03, 3.55191273e-03, 1.01912571e-02, 2.86885258e-03,
       3.49726784e-03, 3.77049181e-03, 2.45901640e-03, 1.36612030e-03,
       4.18032799e-03, 7.62295118e-03, 7.07650278e-03, 3.41530051e-03,
       3.44262295e-03, 4.37158486e-03, 5.05464477e-03, 2.54098373e-03,
       5.79235004e-03, 6.50273217e-03, 2.70491815e-03, 4.09836089e-03,
       8.49726796e-03, 4.07103822e-03, 2.29508197e-03, 3.49726784e-03,
       3.14207654e-03, 7.24043744e-03, 4.59016394e-03, 3.14207654e-03,
       4.26229509e-03, 4.86338791e-03, 2.75956281e-03, 2.75956281e-03,
       3.96174891e-03, 4.83606569e-03, 3.36065586e-03, 6.93989079e-03,
       2.95081967e-03, 4.37158486e-03, 6.22950820e-03, 3.66120227e-03,
       2.07650289e-03, 1.10655744e-02, 6.91256858e-03, 2.18579243e-03,
       3.66120227e-03, 6.42076507e-03, 1.85792358e-03, 3.19672143e-03,
       4.61748661e-03, 2.45901640e-03, 6.66666683e-03, 5.38251363e-03,
       9.07103810e-03, 8.63387994e-03, 2.04918045e-03, 3.60655738e-03,
       8.52459017e-03, 6.88524591e-03, 3.11475410e-03, 1.77868865e-02,
       2.84153013e-03, 3.25136608e-03, 4.07103822e-03, 1.80327874e-02,
       3.03278700e-03, 4.42622975e-03, 3.11475410e-03, 2.21311487e-03,
       3.90710402e-03, 7.37704942e-03, 5.60109317e-03, 3.22404387e-03,
       5.02732256e-03, 4.20765020e-03, 4.59016394e-03, 3.08743166e-03,
       4.28961776e-03, 1.96721312e-03, 4.34426218e-03, 6.20218599e-03,
       3.00546456e-03, 1.69398915e-03, 3.14207654e-03, 4.04371601e-03,
       6.83060102e-03, 2.86885258e-03, 6.22950820e-03, 4.45355196e-03,
       5.30054653e-03, 4.53551905e-03, 4.80874348e-03, 1.22950820e-03,
       3.82513669e-03, 5.21857943e-03, 7.51366140e-03, 5.68306027e-03,
       5.68306027e-03, 4.61748661e-03, 4.26229509e-03, 2.37704930e-03,
       6.25683088e-03, 3.46994540e-03, 5.32786921e-03, 3.98907112e-03,
       3.85245914e-03, 4.80874348e-03, 5.87431714e-03, 5.10928966e-03,
       6.93989079e-03, 3.36065586e-03, 3.85245914e-03, 7.65027339e-03,
       4.26229509e-03, 2.34972686e-03, 1.18852463e-02, 1.24316942e-02,
       6.66666683e-03, 3.08743166e-03, 9.15300567e-03, 1.51366126e-02,
       3.68852471e-03, 5.40983630e-03, 5.71038248e-03, 2.78688525e-03,
       1.14754103e-02, 6.77595660e-03, 2.89617502e-03, 2.48633884e-03,
       6.20218599e-03, 5.40983630e-03, 5.40983630e-03, 6.01092912e-03,
       1.20218587e-03, 2.18579243e-03, 3.98907112e-03, 1.69398915e-03,
       4.83606569e-03, 5.68306027e-03, 6.85792370e-03, 3.52459028e-03,
       4.86338791e-03, 3.87978158e-03, 8.98907147e-03, 4.91803279e-03,
       9.15300567e-03, 5.79235004e-03, 1.99453556e-03, 5.98360691e-03,
       2.59562838e-03, 3.30601097e-03, 6.61202194e-03, 5.19125676e-03,
       3.25136608e-03, 3.71584715e-03, 8.63387994e-03, 4.64480883e-03,
       6.20218599e-03 ]
