%YAML:1.0
mandawa-19mar43_2: !!opencv-matrix
   rows: 1
   cols: 200
   dt: f
   data: [ 2.36344547e-03, 9.19117685e-03, 3.90625000e-03,
       2.72452738e-03, 6.17121859e-03, 4.36580926e-03, 4.72689094e-03,
       1.25065660e-02, 4.23450675e-03, 3.87342460e-03, 7.18881330e-03,
       7.64837209e-03, 5.05514722e-03, 3.51234269e-03, 2.39627110e-03,
       1.54280465e-03, 7.41859293e-03, 7.71402335e-03, 4.95667057e-03,
       5.90861356e-03, 5.05514722e-03, 6.79490576e-03, 2.13366607e-03,
       4.95667057e-03, 3.44669144e-03, 4.82536806e-03, 1.44432776e-03,
       3.87342460e-03, 2.65887612e-03, 5.38340351e-03, 2.52757361e-03,
       4.69406554e-03, 6.89338287e-03, 3.47951706e-03, 1.93671230e-03,
       2.49474798e-03, 9.48660728e-03, 1.24737399e-03, 4.59558843e-03,
       8.17358214e-03, 2.88865552e-03, 6.13839319e-03, 3.38104018e-03,
       6.17121859e-03, 6.23686984e-03, 1.59532577e-02, 9.38813109e-03,
       1.11935409e-02, 3.28256330e-03, 5.35057811e-03, 2.59322487e-03,
       1.21454836e-03, 1.48700112e-02, 7.28729041e-03, 6.63077785e-03,
       4.23450675e-03, 6.46664947e-03, 2.92148115e-03, 2.26496859e-03,
       6.86055701e-03, 1.05042020e-02, 7.61554670e-03, 5.08797308e-03,
       6.13839319e-03, 1.12920171e-02, 4.00472712e-03, 7.71402335e-03,
       4.16885503e-03, 6.59795199e-03, 4.43146052e-03, 4.56276303e-03,
       9.45378188e-03, 1.13248434e-02, 1.05042022e-03, 2.26496859e-03,
       3.67647083e-03, 2.62605050e-03, 3.44669144e-03, 6.76208036e-03,
       5.35057811e-03, 2.82300427e-03, 5.08797308e-03, 2.29779421e-03,
       3.38104018e-03, 3.44669144e-03, 6.95903413e-03, 1.90388667e-03,
       1.01759459e-03, 1.44432776e-03, 1.06355045e-02, 6.03991607e-03,
       3.38104018e-03, 6.89338287e-03, 4.23450675e-03, 5.64600853e-03,
       5.18644974e-03, 2.19931733e-03, 8.79726931e-03, 2.69170175e-03,
       5.21927560e-03, 1.70693290e-03, 6.40099822e-03, 1.24737399e-03,
       2.82300427e-03, 6.89338287e-03, 3.87342460e-03, 5.87578816e-03,
       4.49711177e-03, 7.18881330e-03, 2.26496859e-03, 3.64364521e-03,
       4.46428591e-03, 5.31775225e-03, 6.86055701e-03, 4.66123968e-03,
       3.93907586e-03, 8.07510503e-03, 2.72452738e-03, 4.00472712e-03,
       3.08560929e-03, 4.16885503e-03, 5.74448565e-03, 1.23424372e-02,
       3.64364521e-03, 4.72689094e-03, 2.46192235e-03, 7.09033664e-03,
       1.14889711e-03, 6.03991607e-03, 2.52757361e-03, 3.34821455e-03,
       8.27205926e-03, 4.56276303e-03, 7.97662884e-03, 2.13366607e-03,
       4.13602963e-03, 2.42909673e-03, 6.13839319e-03, 1.47715339e-03,
       1.02415970e-02, 4.36580926e-03, 4.13602963e-03, 8.17358214e-03,
       5.71165979e-03, 3.90625000e-03, 4.66123968e-03, 3.61081958e-03,
       3.90625000e-03, 1.28019962e-03, 3.97190126e-03, 5.25210099e-03,
       6.69642910e-03, 3.08560929e-03, 9.35530476e-03, 3.31538892e-03,
       2.79017864e-03, 4.72689094e-03, 3.87342460e-03, 3.01995804e-03,
       2.06801482e-03, 3.34821455e-03, 1.37867650e-03, 3.80777335e-03,
       4.85819345e-03, 4.43146052e-03, 1.29661243e-02, 2.69170175e-03,
       3.61081958e-03, 5.28492685e-03, 4.75971680e-03, 3.18408641e-03,
       6.03991607e-03, 6.99185953e-03, 2.10084044e-03, 1.04713766e-02,
       7.64837209e-03, 5.05514722e-03, 4.49711177e-03, 4.36580926e-03,
       3.61081958e-03, 4.13602963e-03, 8.10793135e-03, 4.07037837e-03,
       2.95430678e-03, 3.05278366e-03, 8.46901350e-03, 3.21691204e-03,
       3.74212209e-03, 9.15835146e-03, 7.15598790e-03, 3.67647083e-03,
       4.46428591e-03, 2.56039924e-03, 8.86292080e-04, 4.43146052e-03,
       6.43382408e-03, 4.59558843e-03, 5.51470602e-03, 4.75971680e-03,
       3.24973767e-03 ]
