%YAML:1.0
mandawa-19mar20_22: !!opencv-matrix
   rows: 1
   cols: 200
   dt: f
   data: [ 3.03702848e-03, 4.73075593e-03, 5.72363054e-03,
       4.32192488e-03, 1.62364207e-02, 4.84756473e-03, 7.35895336e-03,
       4.08830727e-03, 6.54129172e-03, 3.09543288e-03, 3.67947668e-03,
       3.03702848e-03, 1.88062135e-02, 2.86181527e-03, 5.78203471e-03,
       2.68660206e-03, 5.31479949e-03, 5.19799069e-03, 4.38032951e-03,
       4.14671190e-03, 5.78203471e-03, 3.38745466e-03, 5.08118188e-03,
       3.15383705e-03, 4.26352071e-03, 1.19729005e-02, 3.73788108e-03,
       3.56266787e-03, 2.92021967e-03, 3.56266787e-03, 3.85468989e-03,
       3.03702848e-03, 7.82618858e-03, 4.78916010e-03, 4.38032951e-03,
       2.97862408e-03, 4.73075593e-03, 2.86181527e-03, 2.21936684e-03,
       6.07405696e-03, 4.67235129e-03, 3.67947668e-03, 2.45298445e-03,
       4.14671190e-03, 3.21224146e-03, 2.16096244e-03, 3.15383705e-03,
       9.87034198e-03, 7.47576216e-03, 4.43873368e-03, 4.55554249e-03,
       2.21936684e-03, 4.67235129e-03, 4.67235129e-03, 4.02990310e-03,
       1.13304518e-02, 5.84043935e-03, 3.62107228e-03, 2.10255804e-03,
       3.62107228e-03, 1.21481139e-02, 5.13958652e-03, 1.46595025e-02,
       1.51851419e-02, 8.23501963e-03, 2.92021967e-03, 4.96437354e-03,
       1.02207689e-02, 3.32905026e-03, 3.79628548e-03, 4.55554249e-03,
       2.62819766e-03, 4.14671190e-03, 3.50426347e-03, 2.45298445e-03,
       2.62819766e-03, 4.08830727e-03, 8.05980619e-03, 3.32905026e-03,
       4.38032951e-03, 2.74500647e-03, 4.61394712e-03, 4.26352071e-03,
       6.59969635e-03, 3.56266787e-03, 6.65810052e-03, 2.10255804e-03,
       7.18374038e-03, 3.27064586e-03, 6.89171813e-03, 4.90596890e-03,
       3.27064586e-03, 3.56266787e-03, 3.21224146e-03, 3.38745466e-03,
       2.45298445e-03, 3.09543288e-03, 8.64384975e-03, 3.27064586e-03,
       3.21224146e-03, 3.85468989e-03, 3.85468989e-03, 3.32905026e-03,
       3.21224146e-03, 1.20897088e-02, 5.19799069e-03, 1.36082238e-02,
       2.97862408e-03, 3.62107228e-03, 2.10255804e-03, 2.86181527e-03,
       4.61394712e-03, 3.62107228e-03, 4.78916010e-03, 1.04543865e-02,
       2.62819766e-03, 4.55554249e-03, 2.74500647e-03, 7.76778394e-03,
       4.96437354e-03, 5.13958652e-03, 1.26153482e-02, 4.43873368e-03,
       4.96437354e-03, 5.54841710e-03, 5.08118188e-03, 3.50426347e-03,
       6.48288755e-03, 6.54129172e-03, 4.14671190e-03, 6.24926994e-03,
       4.26352071e-03, 7.59257097e-03, 4.26352071e-03, 2.80341087e-03,
       3.32905026e-03, 3.91309429e-03, 5.19799069e-03, 4.73075593e-03,
       6.77490933e-03, 4.78916010e-03, 3.91309429e-03, 4.67235129e-03,
       6.07405696e-03, 3.85468989e-03, 3.21224146e-03, 4.26352071e-03,
       3.44585907e-03, 3.21224146e-03, 5.66522591e-03, 2.35953741e-02,
       5.02277771e-03, 3.15383705e-03, 4.02990310e-03, 2.92021967e-03,
       3.91309429e-03, 2.74500647e-03, 2.97862408e-03, 2.62819766e-03,
       3.38745466e-03, 6.59969635e-03, 3.09543288e-03, 4.43873368e-03,
       3.79628548e-03, 3.62107228e-03, 6.19086577e-03, 3.67947668e-03,
       5.19799069e-03, 4.02990310e-03, 5.78203471e-03, 5.72363054e-03,
       8.70225485e-03, 8.11821036e-03, 6.13246113e-03, 1.09216217e-02,
       4.84756473e-03, 3.15383705e-03, 6.30767411e-03, 5.89884352e-03,
       2.68660206e-03, 3.44585907e-03, 4.14671190e-03, 5.54841710e-03,
       2.92021967e-03, 2.97862408e-03, 5.60682174e-03, 3.03702848e-03,
       3.15383705e-03, 9.63672437e-03, 3.21224146e-03, 2.97862408e-03,
       2.68660206e-03, 3.97149846e-03, 3.67947668e-03, 3.15383705e-03,
       4.26352071e-03, 3.56266787e-03, 3.73788108e-03, 2.86181527e-03,
       3.32905026e-03 ]
