%YAML:1.0
mandawa-19mar42_2: !!opencv-matrix
   rows: 1
   cols: 200
   dt: f
   data: [ 3.44440271e-03, 1.04829650e-02, 6.06514374e-03,
       5.69075253e-03, 1.27293146e-03, 2.92025460e-03, 5.24148252e-03,
       4.79221251e-03, 1.25046792e-02, 5.16660418e-03, 3.21976771e-03,
       1.72220136e-03, 4.64245584e-03, 3.07001104e-03, 4.26806416e-03,
       2.69561959e-03, 7.03856209e-03, 3.51928105e-03, 5.39123919e-03,
       4.19318583e-03, 2.92025460e-03, 5.09172585e-03, 2.84537626e-03,
       2.62074126e-03, 6.81392709e-03, 5.24148252e-03, 3.74391605e-03,
       3.96855082e-03, 2.17147125e-03, 3.96855082e-03, 3.44440271e-03,
       5.01684751e-03, 2.32122792e-03, 6.51441375e-03, 4.34294250e-03,
       4.04342916e-03, 4.19318583e-03, 2.92025460e-03, 5.61587419e-03,
       5.99026587e-03, 3.36952438e-03, 3.96855082e-03, 3.66903772e-03,
       4.04342916e-03, 2.02171458e-03, 2.24634958e-03, 2.92025460e-03,
       6.28977874e-03, 3.89367272e-03, 3.51928105e-03, 3.89367272e-03,
       2.39610625e-03, 4.86709084e-03, 4.41782083e-03, 7.26319710e-03,
       1.85698234e-02, 5.24148252e-03, 4.71733417e-03, 4.19318583e-03,
       6.51441375e-03, 1.21302875e-02, 4.11830749e-03, 1.89442150e-02,
       2.70310733e-02, 5.16660418e-03, 3.74391605e-03, 2.39610625e-03,
       2.54586283e-02, 2.09659291e-03, 5.24148252e-03, 3.81879439e-03,
       2.47098459e-03, 1.72220136e-03, 3.21976771e-03, 3.59415938e-03,
       1.42268813e-03, 3.51928105e-03, 6.73904875e-03, 4.34294250e-03,
       2.54586292e-03, 2.84537626e-03, 4.04342916e-03, 6.73904875e-03,
       7.78734544e-03, 3.07001104e-03, 5.31636085e-03, 2.69561959e-03,
       4.26806416e-03, 3.66903772e-03, 6.81392709e-03, 5.91538753e-03,
       3.07001104e-03, 6.58929208e-03, 2.54586292e-03, 4.34294250e-03,
       1.64732302e-03, 3.59415938e-03, 3.14488937e-03, 2.32122792e-03,
       5.69075253e-03, 4.26806416e-03, 3.51928105e-03, 5.09172585e-03,
       2.77049793e-03, 1.04829650e-02, 3.07001104e-03, 1.78959183e-02,
       6.21490041e-03, 1.79707969e-03, 2.84537626e-03, 2.84537626e-03,
       6.51441375e-03, 2.09659291e-03, 7.11344043e-03, 1.01834517e-02,
       3.96855082e-03, 4.79221251e-03, 3.51928105e-03, 7.26319710e-03,
       3.51928105e-03, 4.41782083e-03, 1.54998126e-02, 2.92025460e-03,
       9.21003334e-03, 6.73904875e-03, 5.54099586e-03, 1.57244469e-03,
       3.51928105e-03, 4.19318583e-03, 4.26806416e-03, 4.49269917e-03,
       2.54586292e-03, 1.17558967e-02, 4.71733417e-03, 3.96855082e-03,
       5.54099586e-03, 4.86709084e-03, 2.69561959e-03, 6.96368376e-03,
       5.01684751e-03, 3.36952438e-03, 5.09172585e-03, 2.99513293e-03,
       4.94196918e-03, 2.99513293e-03, 4.34294250e-03, 2.62074126e-03,
       2.69561959e-03, 5.24148252e-03, 5.91538753e-03, 2.71059517e-02,
       5.99026587e-03, 3.59415938e-03, 3.07001104e-03, 2.54586292e-03,
       2.62074126e-03, 3.96855082e-03, 2.62074126e-03, 2.24634958e-03,
       4.26806416e-03, 6.51441375e-03, 3.07001104e-03, 3.36952438e-03,
       2.99513293e-03, 3.66903772e-03, 7.18831876e-03, 3.81879439e-03,
       7.33807543e-03, 3.74391605e-03, 4.34294250e-03, 5.01684751e-03,
       7.78734544e-03, 1.16810184e-02, 6.43953541e-03, 2.24634958e-03,
       5.46611752e-03, 4.19318583e-03, 3.66903772e-03, 4.11830749e-03,
       4.11830749e-03, 2.02171458e-03, 2.84537626e-03, 3.74391605e-03,
       5.16660418e-03, 2.17147125e-03, 1.12317479e-03, 3.74391605e-03,
       2.84537626e-03, 1.01834517e-02, 2.32122792e-03, 4.26806416e-03,
       2.69561959e-03, 5.09172585e-03, 3.14488937e-03, 2.09659291e-03,
       5.16660418e-03, 2.62074126e-03, 4.86709084e-03, 3.36952438e-03,
       6.28977874e-03 ]
