%YAML:1.0
mandawa-19mar48: !!opencv-matrix
   rows: 1
   cols: 200
   dt: f
   data: [ 2.17336183e-03, 1.73868947e-02, 5.10740001e-03,
       3.18759726e-03, 3.33248801e-03, 3.58604686e-03, 4.92628664e-03,
       7.78787956e-03, 7.09964847e-03, 3.54982424e-03, 4.70895041e-03,
       3.51360161e-03, 3.40493349e-03, 4.27427841e-03, 3.04270652e-03,
       1.99224823e-03, 5.54207247e-03, 7.75165716e-03, 2.82537029e-03,
       3.69471498e-03, 4.56405990e-03, 3.26004275e-03, 3.33248801e-03,
       3.98449646e-03, 2.68047955e-03, 3.22381989e-03, 2.42692069e-03,
       2.53558881e-03, 1.34023977e-03, 4.99873189e-03, 2.60803406e-03,
       5.54207247e-03, 4.85384138e-03, 2.89781578e-03, 4.16561030e-03,
       3.33248801e-03, 4.89006424e-03, 3.07892915e-03, 4.78139613e-03,
       4.74517327e-03, 2.78914766e-03, 5.28851384e-03, 3.11515201e-03,
       5.50585007e-03, 4.63650515e-03, 4.34672367e-03, 8.87456071e-03,
       8.98322836e-03, 3.36871087e-03, 3.36871087e-03, 3.76716047e-03,
       3.69471498e-03, 1.16274860e-02, 7.24453945e-03, 6.88231224e-03,
       4.12938744e-03, 4.49161418e-03, 4.70895041e-03, 2.10091635e-03,
       4.23805555e-03, 3.76716047e-03, 5.83185395e-03, 2.08642725e-02,
       2.32549720e-02, 9.85257328e-03, 5.10740001e-03, 5.72318584e-03,
       3.00648389e-03, 4.74517327e-03, 4.81761852e-03, 4.99873189e-03,
       9.30923317e-03, 9.74390563e-03, 4.74517327e-03, 2.46314332e-03,
       2.64425692e-03, 3.69471498e-03, 6.33897167e-03, 4.09316458e-03,
       4.05694218e-03, 2.71670218e-03, 7.46187568e-03, 2.97026103e-03,
       3.07892915e-03, 2.42692069e-03, 3.94827407e-03, 2.75292504e-03,
       4.09316458e-03, 2.13713921e-03, 6.15785830e-03, 7.89654814e-03,
       3.18759726e-03, 4.89006424e-03, 4.85384138e-03, 5.54207247e-03,
       4.45539178e-03, 3.65849235e-03, 8.04143865e-03, 2.78914766e-03,
       5.25229098e-03, 3.58604686e-03, 4.89006424e-03, 2.89781578e-03,
       2.28202995e-03, 4.92628664e-03, 3.04270652e-03, 3.20570879e-02,
       5.28851384e-03, 6.08541304e-03, 2.13713921e-03, 4.23805555e-03,
       8.54855683e-03, 3.98449646e-03, 4.45539178e-03, 5.97674493e-03,
       3.26004275e-03, 7.35320756e-03, 3.98449646e-03, 3.87582858e-03,
       2.78914766e-03, 2.97026103e-03, 2.98475027e-02, 9.92501900e-03,
       4.81761852e-03, 8.72967020e-03, 3.07892915e-03, 5.46962721e-03,
       4.60028229e-03, 5.57829533e-03, 3.98449646e-03, 3.91205121e-03,
       5.90429967e-03, 3.04270652e-03, 3.65849235e-03, 3.76716047e-03,
       3.80338309e-03, 3.87582858e-03, 4.05694218e-03, 2.78914766e-03,
       5.79563156e-03, 2.24580709e-03, 4.12938744e-03, 4.78139613e-03,
       7.49809807e-03, 4.09316458e-03, 4.27427841e-03, 2.57181143e-03,
       4.34672367e-03, 3.29626538e-03, 3.80338309e-03, 1.05770277e-02,
       3.40493349e-03, 3.44115612e-03, 9.45412368e-03, 3.29626538e-03,
       3.07892915e-03, 4.74517327e-03, 3.22381989e-03, 4.34672367e-03,
       3.69471498e-03, 3.62226972e-03, 3.40493349e-03, 3.00648389e-03,
       4.23805555e-03, 3.83960572e-03, 3.76716047e-03, 2.35447520e-03,
       5.50585007e-03, 4.20183269e-03, 3.22381989e-03, 3.33248801e-03,
       3.15137464e-03, 8.07766151e-03, 5.50585007e-03, 1.27866119e-02,
       2.39069806e-03, 5.54207247e-03, 3.07892915e-03, 3.73093784e-03,
       2.42692069e-03, 3.87582858e-03, 4.67272801e-03, 3.58604686e-03,
       3.80338309e-03, 3.94827407e-03, 5.97674493e-03, 3.87582858e-03,
       2.17336183e-03, 4.34672367e-03, 5.86807681e-03, 4.60028229e-03,
       3.83960572e-03, 4.49161418e-03, 5.36095910e-03, 3.83960572e-03,
       4.96250950e-03, 4.81761852e-03, 3.15137464e-03, 3.98449646e-03,
       3.40493349e-03 ]
