%YAML:1.0
mandawa052: !!opencv-matrix
   rows: 1
   cols: 200
   dt: f
   data: [ 4.14765673e-03, 5.15494449e-03, 2.78485520e-03,
       3.19962087e-03, 5.39195351e-03, 4.08840459e-03, 1.44575462e-02,
       4.74017905e-03, 1.95532385e-03, 3.91064771e-03, 5.74746681e-03,
       2.72560283e-03, 3.37737752e-03, 3.67363868e-03, 2.38786526e-02,
       4.14765673e-04, 1.89607160e-03, 5.03644021e-03, 8.82858317e-03,
       2.84410734e-03, 4.56242217e-03, 2.72560283e-03, 4.85868333e-03,
       1.80719327e-02, 3.08111636e-03, 3.85139533e-03, 5.45120565e-03,
       2.10345443e-02, 4.50317003e-03, 2.66635069e-03, 5.86597156e-03,
       3.55513417e-03, 6.99176406e-03, 6.16223272e-03, 4.14765673e-03,
       6.33998960e-03, 3.43662966e-03, 2.42934166e-03, 1.65906269e-03,
       4.79943119e-03, 8.59157462e-03, 4.44391789e-03, 1.06654025e-03,
       3.67363868e-03, 4.38466575e-03, 4.97718807e-03, 3.61438654e-03,
       3.85139533e-03, 2.90335971e-03, 3.25887301e-03, 1.16726905e-02,
       9.18409694e-03, 3.79214319e-03, 3.25887301e-03, 6.33998960e-03,
       1.03691416e-02, 2.00272556e-02, 9.59886238e-03, 3.25887301e-03,
       8.71007890e-03, 3.08111636e-03, 5.09569235e-03, 4.68092691e-03,
       3.08111636e-03, 3.37737752e-03, 8.88783543e-04, 3.08111636e-03,
       6.75475504e-03, 4.85868333e-03, 7.76204327e-03, 6.10298058e-03,
       8.17680918e-03, 7.16952095e-03, 3.79214319e-03, 6.93251193e-03,
       6.63625076e-03, 4.97718807e-03, 3.79214319e-03, 6.10298058e-03,
       1.65906269e-03, 3.55513417e-03, 3.19962087e-03, 8.59157462e-03,
       2.60709855e-03, 2.96261185e-03, 2.84410734e-03, 2.78485520e-03,
       5.15494449e-03, 7.88054802e-03, 6.45849388e-03, 1.65906269e-03,
       5.33270137e-03, 6.28073700e-03, 2.78485520e-03, 1.01913847e-02,
       4.08840459e-03, 5.56971040e-03, 4.62167431e-03, 9.00634006e-03,
       2.07382836e-03, 6.28073700e-03, 5.68821467e-03, 5.21419710e-03,
       3.08111636e-03, 3.02186422e-03, 5.21419710e-03, 1.06654027e-02,
       4.56242217e-03, 4.74017905e-03, 4.02915198e-03, 6.45849388e-03,
       1.77756709e-03, 2.72560283e-03, 4.08840459e-03, 4.68092691e-03,
       4.50317003e-03, 3.31812538e-03, 3.96989984e-03, 2.19233287e-03,
       4.62167431e-03, 4.26616101e-03, 2.54784618e-03, 7.99905229e-03,
       5.56971040e-03, 4.44391789e-03, 3.08111636e-03, 3.49588203e-03,
       4.56242217e-03, 3.79214319e-03, 1.24429697e-02, 2.84410734e-03,
       4.68092691e-03, 3.31812538e-03, 3.73289105e-03, 4.56242217e-03,
       6.04372844e-03, 4.14765673e-03, 4.91793593e-03, 6.93251193e-03,
       5.09569235e-03, 4.85868333e-03, 2.78485520e-03, 8.65082629e-03,
       5.15494449e-03, 5.45120565e-03, 5.80671942e-03, 2.31083715e-03,
       2.37008953e-03, 5.68821467e-03, 4.08840459e-03, 2.37008953e-03,
       3.19962087e-03, 7.82129541e-03, 3.31812538e-03, 5.03644021e-03,
       6.28073700e-03, 2.84410734e-03, 1.83681934e-03, 4.97718807e-03,
       3.19962087e-03, 3.31812538e-03, 3.61438654e-03, 2.84410734e-03,
       5.74746681e-03, 3.19962087e-03, 7.22877309e-03, 4.02915198e-03,
       3.19962087e-03, 5.45120565e-03, 3.14036850e-03, 4.20690887e-03,
       1.42205367e-03, 3.14036850e-03, 4.62167431e-03, 2.48859404e-03,
       2.78485520e-03, 3.14036850e-03, 1.54055818e-03, 2.31083715e-03,
       3.14036850e-03, 1.90199688e-02, 4.97718807e-03, 2.72560283e-03,
       5.09569235e-03, 3.79214319e-03, 3.08111636e-03, 5.62896254e-03,
       1.10209165e-02, 3.25887301e-03, 6.57699816e-03, 3.55513417e-03,
       5.98447584e-03, 2.60709855e-03, 7.40652950e-03, 3.91064771e-03,
       3.31812538e-03, 3.96989984e-03, 1.12579251e-03, 3.67363868e-03,
       4.26616101e-03 ]
