%YAML:1.0
mandawa-19mar35_12: !!opencv-matrix
   rows: 1
   cols: 200
   dt: f
   data: [ 2.64794892e-03, 6.85104216e-03, 4.53934073e-03,
       6.30463986e-03, 4.32918593e-03, 3.74075305e-03, 5.84229967e-03,
       8.78446549e-03, 1.45006720e-02, 3.02622723e-03, 3.19435098e-03,
       4.37121699e-03, 7.69166090e-03, 3.99293890e-03, 3.95090785e-03,
       3.44653660e-03, 3.61466035e-03, 6.13651611e-03, 4.95965034e-03,
       4.83355718e-03, 3.53059848e-03, 2.68997974e-03, 3.23638180e-03,
       3.99293890e-03, 4.03496949e-03, 6.38870196e-03, 2.85810349e-03,
       3.61466035e-03, 2.47982517e-03, 3.48856742e-03, 3.78278410e-03,
       4.53934073e-03, 3.95090785e-03, 3.02622723e-03, 4.62340284e-03,
       4.11903160e-03, 5.04371198e-03, 2.31170142e-03, 3.78278410e-03,
       4.58137179e-03, 3.57262930e-03, 3.06825805e-03, 3.44653660e-03,
       4.74949554e-03, 4.37121699e-03, 3.86684597e-03, 4.91761928e-03,
       5.08574303e-03, 4.74949554e-03, 2.47982517e-03, 6.38870196e-03,
       3.02622723e-03, 1.75268985e-02, 5.08574303e-03, 3.48856742e-03,
       4.74949554e-03, 4.58137179e-03, 2.68997974e-03, 3.90887680e-03,
       2.85810349e-03, 5.88433072e-03, 3.36247473e-03, 1.32397441e-02,
       3.54320779e-02, 1.27774039e-02, 3.02622723e-03, 3.48856742e-03,
       9.91930068e-03, 2.39576329e-03, 4.11903160e-03, 4.45527909e-03,
       5.75823803e-03, 3.40450555e-03, 3.44653660e-03, 4.41324804e-03,
       2.18560849e-03, 4.32918593e-03, 7.77572254e-03, 3.23638180e-03,
       2.60591786e-03, 4.66543343e-03, 6.72494946e-03, 4.11903160e-03,
       3.65669117e-03, 2.31170142e-03, 4.28715535e-03, 2.90013431e-03,
       4.66543343e-03, 2.14357767e-03, 9.54102166e-03, 3.11028911e-03,
       2.52185599e-03, 3.53059848e-03, 4.07700054e-03, 3.61466035e-03,
       2.94216536e-03, 4.20309324e-03, 1.04236715e-02, 3.86684597e-03,
       5.08574303e-03, 4.41324804e-03, 3.23638180e-03, 5.00168093e-03,
       3.36247473e-03, 9.33086686e-03, 3.61466035e-03, 2.56388690e-02,
       4.20309324e-03, 3.36247473e-03, 3.78278410e-03, 3.69872223e-03,
       7.48150609e-03, 3.44653660e-03, 5.33792842e-03, 8.53227917e-03,
       2.77404161e-03, 6.51479466e-03, 3.19435098e-03, 4.45527909e-03,
       4.49730968e-03, 3.74075305e-03, 2.02168785e-02, 3.99293890e-03,
       8.95258877e-03, 7.94384629e-03, 3.95090785e-03, 3.69872223e-03,
       5.37995948e-03, 3.95090785e-03, 5.50605217e-03, 3.90887680e-03,
       3.23638180e-03, 5.88433072e-03, 2.22763955e-03, 3.61466035e-03,
       2.90013431e-03, 3.15231993e-03, 2.85810349e-03, 4.03496949e-03,
       8.78446549e-03, 2.90013431e-03, 4.32918593e-03, 2.68997974e-03,
       1.08860116e-02, 3.02622723e-03, 2.14357767e-03, 3.61466035e-03,
       3.23638180e-03, 5.29589783e-03, 3.95090785e-03, 2.69418284e-02,
       4.45527909e-03, 4.07700054e-03, 4.91761928e-03, 1.72326830e-03,
       3.57262930e-03, 3.19435098e-03, 2.31170142e-03, 2.77404161e-03,
       5.88433072e-03, 3.40450555e-03, 3.06825805e-03, 2.94216536e-03,
       2.68997974e-03, 8.06993898e-03, 1.30295893e-02, 3.57262930e-03,
       3.99293890e-03, 3.19435098e-03, 3.78278410e-03, 4.28715535e-03,
       8.95258877e-03, 3.32044368e-03, 7.27135129e-03, 4.16106218e-03,
       2.98419618e-03, 3.48856742e-03, 3.44653660e-03, 4.28715535e-03,
       3.06825805e-03, 4.95965034e-03, 3.19435098e-03, 5.12777409e-03,
       3.99293890e-03, 4.70746448e-03, 4.70746448e-03, 3.95090785e-03,
       2.90013431e-03, 5.71620697e-03, 2.64794892e-03, 2.77404161e-03,
       4.49730968e-03, 3.23638180e-03, 3.95090785e-03, 3.48856742e-03,
       3.48856742e-03, 3.40450555e-03, 3.19435098e-03, 5.67417592e-03,
       4.53934073e-03 ]
