%YAML:1.0
mandawa-19mar18_21: !!opencv-matrix
   rows: 1
   cols: 200
   dt: f
   data: [ 5.15883788e-03, 6.17702957e-03, 1.10643497e-02,
       4.20852564e-03, 7.60249794e-03, 4.00488731e-03, 5.09095844e-03,
       1.62910670e-03, 4.68368176e-03, 5.22671733e-03, 3.12245451e-03,
       2.37578060e-03, 2.45044790e-02, 2.03638338e-03, 6.31278846e-03,
       4.00488731e-03, 7.87401572e-03, 4.27640509e-03, 6.44854736e-03,
       5.02307899e-03, 3.52973118e-03, 3.39397229e-03, 5.49823511e-03,
       2.37578060e-03, 1.71734989e-02, 1.83953308e-02, 3.25821340e-03,
       2.24002171e-03, 3.86912841e-03, 2.10426282e-03, 3.93700786e-03,
       2.78305728e-03, 5.43035567e-03, 5.90551179e-03, 5.43035567e-03,
       8.96008685e-03, 1.90062448e-03, 4.07276675e-03, 3.25821340e-03,
       3.66549008e-03, 5.56611456e-03, 3.66549008e-03, 8.55281018e-03,
       5.36247622e-03, 4.61580232e-03, 2.37578060e-03, 2.51153950e-03,
       5.97339123e-03, 8.96008685e-03, 8.82432796e-04, 4.88732010e-03,
       4.61580232e-03, 2.37578060e-03, 3.05457506e-03, 7.33098015e-03,
       3.73336952e-03, 4.48004343e-03, 7.87401572e-03, 4.41216398e-03,
       4.20852564e-03, 3.19033395e-03, 4.88732010e-03, 1.03176758e-02,
       1.20146619e-02, 4.34428453e-03, 8.41705129e-03, 2.64729839e-03,
       4.20852564e-03, 3.19033395e-03, 3.86912841e-03, 2.57941894e-03,
       2.37578060e-03, 1.62910670e-03, 7.67037738e-03, 4.14064620e-03,
       1.62910670e-03, 4.95519955e-03, 4.68368176e-03, 2.30790116e-03,
       2.44366005e-03, 4.81944066e-03, 5.15883788e-03, 3.52973118e-03,
       4.68368176e-03, 3.19033395e-03, 3.66549008e-03, 3.80124897e-03,
       4.61580232e-03, 3.12245451e-03, 2.51153950e-03, 6.65218569e-03,
       4.75156121e-03, 4.14064620e-03, 4.34428453e-03, 4.00488731e-03,
       3.86912841e-03, 1.01819169e-02, 5.09095844e-03, 5.97339123e-03,
       6.58430625e-03, 3.93700786e-03, 5.09095844e-03, 2.03638338e-03,
       4.95519955e-03, 5.56611456e-03, 5.83763234e-03, 7.87401572e-03,
       2.57941894e-03, 2.24002171e-03, 3.05457506e-03, 2.10426282e-03,
       1.03176758e-02, 4.95519955e-03, 4.27640509e-03, 2.37578060e-03,
       8.48493073e-03, 4.20852564e-03, 8.28129239e-03, 6.17702957e-03,
       4.75156121e-03, 5.83763234e-03, 7.05946237e-03, 2.24002171e-03,
       1.90062448e-03, 8.28129239e-03, 4.14064620e-03, 3.32609285e-03,
       4.61580232e-03, 5.36247622e-03, 1.33722508e-02, 6.24490902e-03,
       4.20852564e-03, 2.10426282e-03, 2.44366005e-03, 3.86912841e-03,
       7.12734181e-03, 5.49823511e-03, 3.80124897e-03, 2.17214227e-03,
       4.27640509e-03, 3.52973118e-03, 5.36247622e-03, 2.78305728e-03,
       5.83763234e-03, 7.19522126e-03, 5.15883788e-03, 5.22671733e-03,
       2.78305728e-03, 3.19033395e-03, 3.12245451e-03, 4.95519955e-03,
       2.57941894e-03, 4.34428453e-03, 2.64729839e-03, 2.10426282e-03,
       6.17702957e-03, 6.10915013e-03, 1.62910670e-03, 3.39397229e-03,
       1.33722508e-02, 4.48004343e-03, 5.02307899e-03, 4.81944066e-03,
       1.76486559e-03, 3.05457506e-03, 2.24002171e-03, 7.87401572e-03,
       9.57100186e-03, 5.90551179e-03, 5.43035567e-03, 3.80124897e-03,
       2.64729839e-03, 1.11322291e-02, 1.10643497e-02, 6.78794459e-04,
       4.14064620e-03, 4.75156121e-03, 5.63399401e-03, 5.90551179e-03,
       4.61580232e-03, 3.93700786e-03, 2.91881617e-03, 6.24490902e-03,
       4.75156121e-03, 1.69698615e-03, 2.91881617e-03, 1.05213141e-02,
       1.83274504e-03, 4.27640509e-03, 4.48004343e-03, 3.66549008e-03,
       3.66549008e-03, 7.87401572e-03, 7.39885960e-03, 6.51642680e-03,
       6.04127068e-03, 6.51642680e-03, 3.25821340e-03, 3.46185174e-03,
       5.36247622e-03 ]
