%YAML:1.0
mandawa-19mar28_2: !!opencv-matrix
   rows: 1
   cols: 200
   dt: f
   data: [ 1.63318636e-03, 1.27388537e-02, 9.14584380e-03,
       3.10305413e-03, 2.28646095e-03, 5.06287767e-03, 5.55283343e-03,
       2.61309813e-03, 1.43720396e-02, 2.93973531e-03, 3.91964708e-03,
       1.30654906e-03, 3.26637272e-03, 4.40960331e-03, 4.40960331e-03,
       1.46986765e-03, 6.04278920e-03, 1.63318636e-03, 2.44977954e-03,
       3.42969131e-03, 2.44977954e-03, 4.08296566e-03, 4.40960331e-03,
       2.12314213e-03, 3.75632849e-03, 4.24628425e-03, 9.96243674e-03,
       2.28646095e-03, 3.10305413e-03, 2.77641672e-03, 1.30654909e-02,
       6.85938261e-03, 1.30654906e-03, 3.91964708e-03, 5.55283343e-03,
       6.36942685e-03, 9.96243674e-03, 4.08296566e-03, 1.63318636e-03,
       2.12314213e-03, 4.73624049e-03, 1.95982354e-03, 1.63318636e-03,
       1.63318636e-03, 1.30654906e-03, 2.93973531e-03, 1.63318636e-03,
       6.53274544e-03, 3.59300990e-03, 2.28646095e-03, 5.38951484e-03,
       6.36942685e-03, 3.26637272e-03, 5.87947061e-03, 5.71615202e-03,
       1.12689855e-02, 2.44977954e-03, 8.00261274e-03, 2.12314213e-03,
       3.26637272e-03, 1.95982354e-03, 1.14323047e-03, 1.73117742e-02,
       3.72366495e-02, 6.36942685e-03, 2.93973531e-03, 2.12314213e-03,
       1.63318636e-03, 1.79650495e-03, 2.44977954e-03, 3.26637272e-03,
       1.30654906e-03, 1.46986765e-03, 1.01257553e-02, 2.44977954e-03,
       1.30654906e-03, 3.91964708e-03, 1.27388537e-02, 2.12314213e-03,
       2.28646095e-03, 9.79911769e-04, 1.79650495e-03, 6.36942685e-03,
       4.73624049e-03, 1.63318636e-03, 3.26637272e-03, 1.19222598e-02,
       6.85938261e-03, 3.75632849e-03, 4.24628425e-03, 5.06287767e-03,
       3.59300990e-03, 2.12314213e-03, 3.91964708e-03, 2.12314213e-03,
       3.59300990e-03, 8.49256851e-03, 1.78017318e-02, 2.77641672e-03,
       1.95982354e-03, 6.53274544e-03, 2.93973531e-03, 2.44977954e-03,
       3.26637272e-03, 4.73624049e-03, 3.42969131e-03, 2.98873093e-02,
       3.10305413e-03, 2.28646095e-03, 2.93973531e-03, 2.44977954e-03,
       6.53274544e-03, 1.95982354e-03, 6.04278920e-03, 1.79650504e-02,
       1.30654906e-03, 1.30654906e-03, 4.57292190e-03, 5.87947061e-03,
       5.87947061e-03, 2.28646095e-03, 1.82916876e-02, 9.79911769e-04,
       1.22488979e-02, 1.55152697e-02, 7.83929415e-03, 1.95982354e-03,
       7.67597556e-03, 2.77641672e-03, 5.87947061e-03, 4.24628425e-03,
       3.42969131e-03, 5.55283343e-03, 1.95982354e-03, 3.91964708e-03,
       2.44977954e-03, 8.32924992e-03, 1.95982354e-03, 1.19222598e-02,
       3.75632849e-03, 2.77641672e-03, 2.28646095e-03, 2.28646095e-03,
       1.24122165e-02, 1.30654906e-03, 5.55283343e-03, 2.28646095e-03,
       1.95982354e-03, 4.57292190e-03, 3.75632849e-03, 3.49501893e-02,
       3.59300990e-03, 8.16593179e-04, 1.46986765e-03, 9.79911769e-04,
       8.16593133e-03, 6.04278920e-03, 3.26637272e-03, 7.67597556e-03,
       9.79911815e-03, 5.06287767e-03, 5.22619626e-03, 2.61309813e-03,
       2.12314213e-03, 1.63318636e-03, 4.08296566e-03, 1.14323047e-03,
       3.91964708e-03, 4.57292190e-03, 2.44977954e-03, 4.89955908e-03,
       1.53519511e-02, 7.51265697e-03, 1.37187652e-02, 2.44977954e-03,
       3.42969131e-03, 1.63318636e-03, 3.59300990e-03, 3.26637272e-03,
       3.75632849e-03, 1.14323047e-03, 4.57292190e-03, 4.73624049e-03,
       1.95982354e-03, 2.44977954e-03, 1.79650495e-03, 4.73624049e-03,
       1.79650495e-03, 1.46986768e-02, 3.10305413e-03, 2.93973531e-03,
       1.63318636e-03, 4.73624049e-03, 8.32924992e-03, 2.93973531e-03,
       3.59300990e-03, 2.12314213e-03, 2.61309813e-03, 9.79911769e-04,
       1.46986765e-03 ]
