%YAML:1.0
mandawa-19mar56: !!opencv-matrix
   rows: 1
   cols: 200
   dt: f
   data: [ 3.00595420e-03, 1.51164811e-02, 1.06364535e-02,
       3.26608471e-03, 2.80363020e-03, 3.52621544e-03, 5.63616399e-03,
       5.78068104e-03, 6.85010711e-03, 5.00028906e-03, 3.98866972e-03,
       2.74582347e-03, 5.34712989e-03, 3.43950512e-03, 3.32389167e-03,
       2.28336896e-03, 9.76935122e-03, 6.67668646e-03, 6.06971513e-03,
       5.83848776e-03, 4.45112446e-03, 6.93681743e-03, 3.15047125e-03,
       5.46274334e-03, 3.93086299e-03, 4.88467561e-03, 1.38736342e-03,
       3.58402217e-03, 2.48569273e-03, 6.85010711e-03, 2.28336896e-03,
       8.06405023e-03, 3.81524954e-03, 5.49164694e-03, 4.13318677e-03,
       3.38169839e-03, 5.83848776e-03, 2.91924388e-03, 7.77501613e-03,
       5.02919266e-03, 3.23718134e-03, 4.62454464e-03, 3.09266429e-03,
       4.59564151e-03, 3.84415290e-03, 4.68235184e-03, 5.60726039e-03,
       6.93681743e-03, 3.06376093e-03, 5.02919266e-03, 3.55511880e-03,
       1.84981793e-03, 8.46869778e-03, 8.15076008e-03, 9.53812338e-03,
       6.30094251e-03, 5.92519809e-03, 3.20827798e-03, 2.60130642e-03,
       7.11023761e-03, 5.54945366e-03, 5.60726039e-03, 1.63304247e-02,
       1.48274470e-02, 8.84444173e-03, 6.27203891e-03, 4.59564151e-03,
       3.41060176e-03, 4.16209036e-03, 4.16209036e-03, 6.61887974e-03,
       6.06971513e-03, 5.54945366e-03, 2.34117592e-03, 3.06376093e-03,
       2.65911338e-03, 3.41060176e-03, 6.04081154e-03, 5.52055053e-03,
       4.71125497e-03, 2.77472683e-03, 5.72287431e-03, 4.48002759e-03,
       4.33551054e-03, 3.00595420e-03, 4.91357874e-03, 1.35846005e-03,
       2.63020978e-03, 1.93652813e-03, 7.80391926e-03, 9.42250993e-03,
       4.04647691e-03, 7.71720894e-03, 4.65344824e-03, 4.13318677e-03,
       3.03485757e-03, 3.55511880e-03, 4.10428364e-03, 3.55511880e-03,
       4.76906169e-03, 2.71692011e-03, 5.34712989e-03, 2.39898264e-03,
       2.80363020e-03, 4.36441414e-03, 3.58402217e-03, 1.63304247e-02,
       7.86172599e-03, 4.16209036e-03, 2.48569273e-03, 3.64182913e-03,
       9.97167453e-03, 3.49731208e-03, 7.08133448e-03, 6.30094251e-03,
       3.38169839e-03, 6.99462416e-03, 4.65344824e-03, 4.88467561e-03,
       4.71125497e-03, 4.16209036e-03, 1.98566392e-02, 5.26041957e-03,
       3.35279503e-03, 9.59593058e-03, 3.72853922e-03, 3.98866972e-03,
       2.89034052e-03, 5.43384021e-03, 5.63616399e-03, 3.12156766e-03,
       5.02919266e-03, 5.75177744e-03, 4.62454464e-03, 4.65344824e-03,
       3.81524954e-03, 2.94814724e-03, 4.50893119e-03, 2.34117592e-03,
       5.40493662e-03, 4.39331774e-03, 4.45112446e-03, 5.14480611e-03,
       3.75744258e-03, 4.97138547e-03, 3.69963585e-03, 4.21989709e-03,
       4.76906169e-03, 2.77472683e-03, 6.56107301e-03, 8.64211842e-03,
       6.58997614e-03, 3.03485757e-03, 5.89629449e-03, 2.80363020e-03,
       2.34117592e-03, 4.76906169e-03, 3.00595420e-03, 4.27770382e-03,
       5.80958463e-03, 4.42222087e-03, 2.86143715e-03, 3.69963585e-03,
       4.62454464e-03, 4.94248234e-03, 4.68235184e-03, 3.35279503e-03,
       4.50893119e-03, 4.50893119e-03, 4.30660741e-03, 5.26041957e-03,
       2.57240306e-03, 1.28042083e-02, 6.85010711e-03, 7.31256139e-03,
       5.05809579e-03, 3.55511880e-03, 4.76906169e-03, 4.50893119e-03,
       3.64182913e-03, 3.67073249e-03, 4.76906169e-03, 4.07538004e-03,
       3.17937462e-03, 4.04647691e-03, 4.24880069e-03, 5.20261284e-03,
       4.42222087e-03, 4.68235184e-03, 4.45112446e-03, 3.52621544e-03,
       3.38169839e-03, 3.72853922e-03, 2.45678937e-03, 4.48002759e-03,
       5.63616399e-03, 4.59564151e-03, 5.83848776e-03, 4.36441414e-03,
       3.72853922e-03 ]
