%YAML:1.0
mandawa066: !!opencv-matrix
   rows: 1
   cols: 200
   dt: f
   data: [ 3.08100064e-03, 4.67119459e-03, 4.70432360e-03,
       4.14113002e-03, 7.58654997e-03, 5.00248512e-03, 1.60013251e-02,
       3.47854919e-03, 2.65032309e-03, 2.84909736e-03, 8.64667911e-03,
       2.55093607e-03, 3.41229094e-03, 4.63806558e-03, 4.22063954e-02,
       1.52393582e-03, 4.77058161e-03, 3.71045247e-03, 6.02948526e-03,
       4.04174300e-03, 3.90922651e-03, 2.18651653e-03, 4.40616207e-03,
       2.52443273e-02, 3.67732346e-03, 3.21351690e-03, 4.60493658e-03,
       2.09044237e-02, 5.03561413e-03, 2.58406508e-03, 6.62580784e-03,
       2.78283935e-03, 7.22213043e-03, 5.33377519e-03, 8.18287302e-03,
       8.11661500e-03, 4.33990406e-03, 2.18651653e-03, 2.41841981e-03,
       5.00248512e-03, 3.67732346e-03, 2.02087150e-03, 1.95461325e-03,
       3.14725866e-03, 4.86996863e-03, 3.27977492e-03, 3.61106521e-03,
       3.41229094e-03, 3.61106521e-03, 3.47854919e-03, 1.16282925e-02,
       4.90309764e-03, 6.62580784e-03, 2.55093607e-03, 9.93871223e-03,
       7.45403394e-03, 1.01706153e-02, 1.83866173e-02, 4.53867856e-03,
       7.85158202e-03, 3.77671048e-03, 3.47854919e-03, 4.37303307e-03,
       2.21964554e-03, 2.28590379e-03, 1.32516155e-03, 3.84296849e-03,
       6.02948526e-03, 3.34603293e-03, 3.51167819e-03, 4.67119459e-03,
       5.89696923e-03, 6.62580784e-03, 3.61106521e-03, 5.59880771e-03,
       4.04174300e-03, 2.28590379e-03, 2.94848462e-03, 5.83071075e-03,
       2.94848462e-03, 3.34603293e-03, 3.71045247e-03, 7.85158202e-03,
       5.83071075e-03, 5.00248512e-03, 3.94235551e-03, 3.08100064e-03,
       2.78283935e-03, 1.03362603e-02, 2.78283935e-03, 3.57793621e-03,
       6.72519486e-03, 3.34603293e-03, 2.94848462e-03, 1.97117776e-02,
       2.78283935e-03, 3.01474263e-03, 2.81596836e-03, 1.32516157e-02,
       1.78896810e-03, 3.34603293e-03, 3.18038790e-03, 9.04422812e-03,
       3.41229094e-03, 3.61106521e-03, 3.84296849e-03, 1.15289055e-02,
       2.91535538e-03, 3.34603293e-03, 2.51780706e-03, 1.61669720e-02,
       1.88835524e-03, 2.61719408e-03, 2.65032309e-03, 4.07487201e-03,
       4.33990406e-03, 3.64419422e-03, 3.71045247e-03, 2.25277478e-03,
       3.24664591e-03, 3.31290392e-03, 3.27977492e-03, 7.61967897e-03,
       5.06874314e-03, 4.47242009e-03, 2.94848462e-03, 3.57793621e-03,
       4.70432360e-03, 2.94848462e-03, 1.59019381e-02, 4.93622664e-03,
       2.84909736e-03, 2.98161362e-03, 2.65032309e-03, 2.91535538e-03,
       3.34603293e-03, 3.01474263e-03, 5.03561413e-03, 1.01706153e-02,
       4.30677505e-03, 8.81232414e-03, 3.41229094e-03, 1.49080679e-02,
       4.86996863e-03, 3.80983949e-03, 3.51167819e-03, 1.45767769e-03,
       2.78283935e-03, 6.82458188e-03, 4.67119459e-03, 2.45154882e-03,
       3.31290392e-03, 7.42090493e-03, 2.05400051e-03, 3.77671048e-03,
       5.40003320e-03, 3.27977492e-03, 1.78896810e-03, 2.48467806e-03,
       3.77671048e-03, 4.07487201e-03, 4.17425903e-03, 2.12025852e-03,
       2.84909736e-03, 3.90922651e-03, 1.07006794e-02, 3.37916194e-03,
       4.07487201e-03, 2.91535538e-03, 3.11412965e-03, 4.00861399e-03,
       2.74971034e-03, 3.47854919e-03, 2.94848462e-03, 5.30064618e-03,
       3.71045247e-03, 3.94235551e-03, 1.45767769e-03, 4.24051704e-03,
       4.93622664e-03, 7.25525944e-03, 4.83683962e-03, 2.71658134e-03,
       3.97548452e-03, 3.41229094e-03, 3.77671048e-03, 3.11412965e-03,
       2.35216180e-03, 4.20738803e-03, 5.00248512e-03, 2.35216180e-03,
       4.30677505e-03, 3.67732346e-03, 4.50554956e-03, 2.65032309e-03,
       1.49080681e-03, 7.28838844e-03, 2.28590379e-03, 2.94848462e-03,
       3.51167819e-03 ]
