%YAML:1.0
mandawa059: !!opencv-matrix
   rows: 1
   cols: 200
   dt: f
   data: [ 3.41613754e-03, 5.82971284e-03, 8.20615608e-03,
       2.26504775e-03, 2.52497126e-03, 8.16902425e-03, 5.01281023e-03,
       4.86428291e-03, 4.12164396e-03, 5.23560215e-03, 4.12164396e-03,
       4.90141474e-03, 3.52010690e-02, 4.38156771e-03, 5.97824063e-03,
       2.37644347e-03, 3.30474181e-03, 1.00256205e-02, 2.37644347e-03,
       3.34187364e-03, 1.13995019e-02, 2.67349882e-03, 2.45070737e-03,
       4.15877625e-03, 2.52497126e-03, 3.45326937e-03, 1.85659644e-03,
       3.71319288e-03, 2.00512423e-03, 2.36901715e-02, 1.10653145e-02,
       2.48783920e-03, 2.85915844e-03, 1.63380487e-03, 2.56210309e-03,
       2.56210309e-03, 2.52497126e-03, 2.59923516e-03, 4.19590808e-03,
       1.03969406e-02, 2.78489478e-03, 3.00768623e-03, 2.00512423e-03,
       8.72600358e-03, 5.34699764e-03, 2.97798067e-02, 4.38156771e-03,
       2.15365179e-03, 3.71319288e-03, 4.12164396e-03, 2.15365179e-03,
       1.81946449e-03, 4.12164396e-03, 4.45583137e-03, 3.71319288e-03,
       5.12420619e-03, 7.27785798e-03, 4.60435916e-03, 4.04738029e-03,
       3.34187364e-03, 2.97055440e-03, 3.30474181e-03, 2.59923516e-03,
       9.69143398e-03, 4.34443587e-03, 4.49296366e-03, 4.23303992e-03,
       3.56466509e-03, 2.48783920e-03, 4.01024846e-03, 3.67606105e-03,
       1.81946449e-03, 7.90910050e-03, 1.37388136e-03, 3.49040143e-03,
       7.20359432e-03, 3.86172067e-03, 2.15365179e-03, 2.52497126e-03,
       5.27273398e-03, 1.70806877e-03, 7.12933019e-03, 5.08707436e-03,
       2.97055440e-03, 7.46351760e-03, 9.54290573e-03, 4.04738029e-03,
       9.80282947e-03, 4.01024846e-03, 2.26504775e-03, 2.30217958e-03,
       3.56466509e-03, 4.90141474e-03, 1.74520072e-03, 5.27273398e-03,
       7.50064990e-03, 5.45839360e-03, 1.48527720e-03, 2.93342234e-03,
       7.61204539e-03, 4.49296366e-03, 2.56210309e-03, 1.25134606e-02,
       4.23303992e-03, 3.30474181e-03, 2.37644347e-03, 3.86172067e-03,
       3.63892899e-03, 9.02305916e-03, 2.89629051e-03, 2.93342234e-03,
       4.45583137e-03, 4.01024846e-03, 4.27017175e-03, 2.45070737e-03,
       7.76057318e-03, 2.67349882e-03, 4.41869954e-03, 1.33674941e-03,
       5.30986581e-03, 3.30474181e-03, 4.12164396e-03, 5.49552543e-03,
       5.30986581e-03, 6.79514324e-03, 3.60179716e-03, 5.68118505e-03,
       9.06019099e-03, 1.52240915e-03, 9.24585015e-03, 2.78489478e-03,
       4.64149099e-03, 3.26760975e-03, 2.37644347e-03, 2.15365179e-03,
       4.15877625e-03, 4.82715061e-03, 3.23047792e-03, 1.89372839e-03,
       4.08451213e-03, 5.04994253e-03, 2.33931164e-03, 3.52753326e-03,
       4.79001878e-03, 5.01281023e-03, 7.42638577e-03, 2.93342234e-03,
       3.67606105e-03, 2.33931164e-03, 4.34443587e-03, 3.26760975e-03,
       9.24585015e-03, 6.31242804e-03, 2.45070737e-03, 6.68374728e-03,
       4.60435916e-03, 2.26504775e-03, 3.49411443e-02, 1.53726190e-02,
       1.26248563e-03, 4.93854657e-03, 2.52497126e-03, 7.20359432e-03,
       4.41869954e-03, 3.04481830e-03, 3.30474181e-03, 3.26760975e-03,
       4.67862329e-03, 7.24072615e-03, 4.34443587e-03, 3.30474181e-03,
       2.63636699e-03, 2.82202661e-03, 4.34443587e-03, 2.82202661e-03,
       1.65608414e-02, 7.98336510e-03, 3.97311663e-03, 1.55954098e-03,
       2.97055440e-03, 4.23303992e-03, 1.25877243e-02, 2.59923516e-03,
       4.64149099e-03, 5.82971284e-03, 3.45326937e-03, 5.04994253e-03,
       4.82715061e-03, 4.12164396e-03, 3.00768623e-03, 3.49040143e-03,
       2.78489478e-03, 2.30217958e-03, 4.23303992e-03, 4.60435916e-03,
       3.67606105e-03, 4.97567840e-03, 8.16902425e-03, 5.01281023e-03,
       1.59667293e-03 ]
