%YAML:1.0
mandawa-19mar31_2: !!opencv-matrix
   rows: 1
   cols: 200
   dt: f
   data: [ 2.66350992e-03, 1.15418769e-02, 6.01755967e-03,
       3.64999520e-03, 5.12972288e-03, 4.24188608e-03, 4.34053456e-03,
       6.90539600e-03, 1.01607973e-02, 3.84729216e-03, 3.15675256e-03,
       5.62296528e-03, 5.32701984e-03, 3.64999520e-03, 5.22837136e-03,
       1.77567336e-03, 6.51080208e-03, 6.11620815e-03, 2.46621296e-03,
       2.66350992e-03, 3.55134672e-03, 6.31350512e-03, 2.36756448e-03,
       4.73512895e-03, 2.17026728e-03, 4.34053456e-03, 3.35404952e-03,
       2.56486144e-03, 2.26891600e-03, 4.73512895e-03, 5.42566832e-03,
       1.80526786e-02, 4.43918351e-03, 4.63648047e-03, 4.63648047e-03,
       3.84729216e-03, 1.18378224e-03, 5.82026271e-03, 5.22837136e-03,
       3.84729216e-03, 2.46621296e-03, 4.04458912e-03, 2.17026728e-03,
       4.93242592e-03, 3.25540104e-03, 9.56890639e-03, 2.95945560e-03,
       1.35148466e-02, 3.74864368e-03, 3.55134672e-03, 5.32701984e-03,
       3.05810408e-03, 6.51080208e-03, 1.53891686e-02, 6.31350512e-03,
       2.07161880e-03, 5.12972288e-03, 3.05810408e-03, 5.22837136e-03,
       6.60945056e-03, 3.35404952e-03, 5.52431680e-03, 1.46986293e-02,
       2.68323962e-02, 1.74607877e-02, 6.51080208e-03, 3.35404952e-03,
       5.22837136e-03, 2.26891600e-03, 2.95945560e-03, 4.53783199e-03,
       4.83377744e-03, 3.45269800e-03, 2.76215840e-03, 4.04458912e-03,
       1.97297032e-03, 4.34053456e-03, 7.59593584e-03, 3.35404952e-03,
       4.63648047e-03, 2.17026728e-03, 5.12972288e-03, 3.05810408e-03,
       1.87432184e-03, 3.55134672e-03, 4.24188608e-03, 4.63648047e-03,
       1.97297032e-03, 1.87432184e-03, 1.24297133e-02, 7.10269343e-03,
       3.15675256e-03, 6.11620815e-03, 3.45269800e-03, 2.76215840e-03,
       3.05810408e-03, 4.14323760e-03, 2.90026646e-02, 1.77567336e-03,
       5.12972288e-03, 6.80674752e-03, 4.53783199e-03, 3.15675256e-03,
       2.46621296e-03, 5.62296528e-03, 3.05810408e-03, 1.65729504e-02,
       3.35404952e-03, 4.63648047e-03, 3.84729216e-03, 3.15675256e-03,
       8.38512369e-03, 5.72161423e-03, 3.05810408e-03, 8.77971761e-03,
       2.26891600e-03, 6.90539600e-03, 2.56486144e-03, 4.04458912e-03,
       1.28243072e-03, 2.86080712e-03, 1.94337573e-02, 4.93242592e-03,
       6.21485664e-03, 7.39863887e-03, 2.76215840e-03, 3.15675256e-03,
       3.25540104e-03, 4.34053456e-03, 3.15675256e-03, 3.64999520e-03,
       3.25540104e-03, 5.32701984e-03, 4.73512895e-03, 3.15675256e-03,
       3.15675256e-03, 2.76215840e-03, 4.14323760e-03, 4.63648047e-03,
       7.10269343e-03, 3.35404952e-03, 3.35404952e-03, 6.21485664e-03,
       1.43040353e-02, 3.05810408e-03, 3.15675256e-03, 3.94594064e-03,
       3.55134672e-03, 5.91891119e-03, 3.55134672e-03, 7.89188128e-03,
       2.26891600e-03, 4.34053456e-03, 4.14323760e-03, 2.86080712e-03,
       4.63648047e-03, 3.35404952e-03, 2.66350992e-03, 4.24188608e-03,
       3.84729216e-03, 2.76215840e-03, 5.22837136e-03, 3.05810408e-03,
       3.45269800e-03, 3.35404952e-03, 9.37160943e-03, 1.47972780e-03,
       3.64999520e-03, 4.43918351e-03, 3.94594064e-03, 3.35404952e-03,
       8.68106913e-03, 1.07526882e-02, 5.52431680e-03, 4.43918351e-03,
       7.49728736e-03, 4.24188608e-03, 4.04458912e-03, 4.14323760e-03,
       2.56486144e-03, 2.86080712e-03, 4.24188608e-03, 4.43918351e-03,
       3.25540104e-03, 2.36756448e-03, 4.73512895e-03, 1.67702476e-03,
       3.15675256e-03, 4.63648047e-03, 3.84729216e-03, 2.86080712e-03,
       3.94594064e-03, 2.56486144e-03, 4.04458912e-03, 2.95945560e-03,
       2.07161880e-03, 4.83377744e-03, 6.41215360e-03, 4.34053456e-03,
       4.63648047e-03 ]
