%YAML:1.0
mandawa-19mar60: !!opencv-matrix
   rows: 1
   cols: 200
   dt: f
   data: [ 2.69997818e-03, 5.86795295e-03, 3.09957508e-02,
       4.57196310e-03, 2.77197780e-03, 4.89596045e-03, 4.75196168e-03,
       6.44394802e-03, 2.91597657e-03, 5.29195741e-03, 6.29994925e-03,
       3.49197187e-03, 1.05839148e-02, 5.36395703e-03, 2.01598369e-03,
       7.77593721e-03, 3.63597064e-03, 8.38793255e-03, 3.27597372e-03,
       3.88796860e-03, 6.37194887e-03, 1.28878960e-02, 2.95197614e-03,
       6.44394802e-03, 9.35992459e-04, 2.62797880e-03, 1.18799042e-03,
       4.93196025e-03, 3.09597515e-03, 2.55597942e-03, 1.82158537e-02,
       3.92396841e-03, 2.30398146e-03, 8.13593436e-03, 2.30398146e-03,
       3.81596922e-03, 1.26358978e-02, 5.54395560e-03, 2.80797738e-03,
       1.04039162e-02, 2.66397861e-03, 1.72798615e-03, 4.78796149e-03,
       1.07999127e-02, 3.27597372e-03, 1.01879183e-02, 2.30398146e-03,
       3.74396984e-03, 3.77996964e-03, 1.58398726e-03, 1.76398584e-03,
       7.84793682e-03, 5.57995494e-03, 1.76038574e-02, 1.79998553e-03,
       5.36395703e-03, 3.99596803e-03, 1.83598523e-03, 1.47598807e-03,
       3.41997249e-03, 2.05198349e-03, 3.74396984e-03, 5.39995637e-03,
       6.19195029e-03, 4.93196025e-03, 1.94398430e-03, 2.59197922e-03,
       3.99596803e-03, 4.21196595e-03, 4.21196595e-03, 1.83598523e-03,
       8.35193321e-03, 2.15998269e-03, 3.31197330e-03, 2.87997676e-03,
       2.66397861e-03, 5.11195883e-03, 2.87997676e-03, 3.88796860e-03,
       3.77996964e-03, 2.30398146e-03, 4.96796006e-03, 4.10396699e-03,
       3.02397576e-03, 5.14795864e-03, 9.79192089e-03, 5.25595760e-03,
       5.57995494e-03, 1.18799042e-02, 3.92396841e-03, 3.09597515e-03,
       2.30398146e-03, 2.15998269e-03, 3.41997249e-03, 3.31197330e-03,
       7.84793682e-03, 2.33998126e-03, 2.30398146e-03, 4.57196310e-03,
       4.93196025e-03, 7.66793825e-03, 2.59197922e-03, 5.75995352e-03,
       3.13197472e-03, 1.94398430e-03, 3.67197045e-03, 7.88393617e-03,
       5.50795579e-03, 9.03592724e-03, 3.56397126e-03, 3.74396984e-03,
       2.12398288e-03, 3.92396841e-03, 4.28396557e-03, 6.11995067e-03,
       9.10792686e-03, 6.69594621e-03, 5.18395845e-03, 1.79998553e-03,
       2.51997961e-03, 1.33198930e-03, 2.12398288e-03, 3.74396984e-03,
       2.73597799e-03, 5.47195598e-03, 3.27597372e-03, 4.60796291e-03,
       9.71992221e-03, 1.90798461e-03, 8.24393332e-03, 3.70797026e-03,
       4.96796006e-03, 5.03995921e-03, 4.75196168e-03, 1.29598961e-03,
       4.78796149e-03, 2.19598226e-03, 1.17719052e-02, 2.33998126e-03,
       3.16797453e-03, 5.65195456e-03, 4.03196737e-03, 2.55597942e-03,
       4.49996395e-03, 2.84397718e-03, 2.59197922e-03, 6.87594479e-03,
       5.57995494e-03, 5.47195598e-03, 3.41997249e-03, 2.05198349e-03,
       4.53596329e-03, 2.12038290e-02, 3.02397576e-03, 7.45193986e-03,
       1.43998838e-03, 2.77197780e-03, 1.53358765e-02, 5.97595191e-03,
       2.44798022e-03, 2.48398003e-03, 1.60198715e-02, 1.03319166e-02,
       5.36395703e-03, 6.19195029e-03, 5.21995779e-03, 2.23198207e-03,
       4.93196025e-03, 1.17359059e-02, 3.31197330e-03, 2.80797738e-03,
       7.12794252e-03, 4.53596329e-03, 1.43998843e-02, 3.74396984e-03,
       6.26394944e-03, 4.42796433e-03, 2.69997818e-03, 1.29598961e-03,
       2.87997676e-03, 2.08798330e-03, 5.14795864e-03, 1.58398726e-03,
       6.01195171e-03, 2.73597799e-03, 5.68795437e-03, 4.39196452e-03,
       2.23198207e-03, 3.81596922e-03, 1.47598807e-03, 1.05119152e-02,
       2.19598226e-03, 3.63597064e-03, 4.39196452e-03, 1.00439191e-02,
       4.03196737e-03, 3.45597230e-03, 4.89596045e-03, 4.82396130e-03,
       1.65598665e-03 ]
