%YAML:1.0
mandawa-19mar34_22: !!opencv-matrix
   rows: 1
   cols: 200
   dt: f
   data: [ 2.32072407e-03, 6.80745766e-03, 7.03952974e-03,
       3.71315866e-03, 4.33201855e-03, 4.25466103e-03, 5.41502284e-03,
       1.45432046e-02, 1.18356934e-02, 2.47543911e-03, 1.54714938e-03,
       4.71880566e-03, 9.74704139e-03, 3.17165628e-03, 2.24336679e-03,
       2.93958397e-03, 3.71315866e-03, 8.89610965e-03, 4.17730352e-03,
       4.79616318e-03, 2.70751142e-03, 3.79051617e-03, 4.25466103e-03,
       5.64709539e-03, 4.56409063e-03, 9.28289630e-03, 2.32072407e-03,
       3.32637131e-03, 2.70751142e-03, 5.56973787e-03, 4.09994600e-03,
       1.16036204e-03, 4.09994600e-03, 2.39808159e-03, 4.25466103e-03,
       4.25466103e-03, 3.32637131e-03, 2.16600928e-03, 3.94523097e-03,
       3.94523097e-03, 3.48108634e-03, 3.86787369e-03, 3.32637131e-03,
       5.10559324e-03, 3.79051617e-03, 4.87352069e-03, 6.49802759e-03,
       1.34602003e-02, 4.33201855e-03, 2.63015414e-03, 4.79616318e-03,
       2.32072407e-03, 1.88752227e-02, 1.93393684e-03, 5.33766579e-03,
       4.40937607e-03, 3.94523097e-03, 3.24901380e-03, 3.01694148e-03,
       2.70751142e-03, 5.10559324e-03, 4.71880566e-03, 6.96217269e-03,
       2.36713868e-02, 1.79469343e-02, 3.40372883e-03, 3.24901380e-03,
       4.64144815e-03, 1.31507707e-03, 3.32637131e-03, 3.71315866e-03,
       7.58103235e-03, 4.64144815e-03, 2.01129424e-03, 3.09429877e-03,
       1.93393684e-03, 3.09429877e-03, 7.58103235e-03, 2.86222645e-03,
       2.93958397e-03, 3.86787369e-03, 6.73010014e-03, 4.64144815e-03,
       2.63015414e-03, 3.48108634e-03, 4.09994600e-03, 2.78486894e-03,
       3.86787369e-03, 2.16600928e-03, 4.09994600e-03, 4.56409063e-03,
       1.70186441e-03, 3.32637131e-03, 3.79051617e-03, 3.40372883e-03,
       3.48108634e-03, 3.48108634e-03, 1.29960552e-02, 2.01129424e-03,
       5.18295076e-03, 3.40372883e-03, 3.32637131e-03, 3.94523097e-03,
       2.93958397e-03, 7.11688725e-03, 3.79051617e-03, 3.13297771e-02,
       5.33766579e-03, 3.24901380e-03, 2.16600928e-03, 2.24336679e-03,
       6.26595505e-03, 2.32072407e-03, 4.48673358e-03, 8.66403710e-03,
       2.93958397e-03, 1.05979741e-02, 2.93958397e-03, 5.10559324e-03,
       2.55279662e-03, 3.32637131e-03, 2.04997305e-02, 3.79051617e-03,
       5.10559324e-03, 1.05206165e-02, 4.33201855e-03, 2.93958397e-03,
       4.56409063e-03, 4.33201855e-03, 6.49802759e-03, 4.40937607e-03,
       2.47543911e-03, 2.39808159e-03, 1.93393684e-03, 4.09994600e-03,
       2.32072407e-03, 2.55279662e-03, 2.93958397e-03, 2.47543911e-03,
       2.04997305e-02, 3.63580114e-03, 2.39808159e-03, 2.63015414e-03,
       1.05206165e-02, 3.40372883e-03, 2.39808159e-03, 3.48108634e-03,
       4.25466103e-03, 4.48673358e-03, 4.02258849e-03, 3.07109170e-02,
       4.71880566e-03, 3.32637131e-03, 4.79616318e-03, 2.70751142e-03,
       4.79616318e-03, 2.78486894e-03, 2.47543911e-03, 4.64144815e-03,
       7.27160228e-03, 2.78486894e-03, 2.86222645e-03, 4.17730352e-03,
       2.55279662e-03, 9.66968387e-03, 1.14489058e-02, 3.79051617e-03,
       5.64709539e-03, 3.63580114e-03, 3.32637131e-03, 4.02258849e-03,
       1.46205621e-02, 2.63015414e-03, 1.26866251e-02, 3.55844363e-03,
       2.47543911e-03, 4.79616318e-03, 3.40372883e-03, 4.17730352e-03,
       2.39808159e-03, 3.86787369e-03, 2.16600928e-03, 4.56409063e-03,
       2.39808159e-03, 4.64144815e-03, 2.47543911e-03, 5.41502284e-03,
       3.01694148e-03, 4.33201855e-03, 2.63015414e-03, 3.63580114e-03,
       3.94523097e-03, 3.32637131e-03, 2.39808159e-03, 2.78486894e-03,
       3.86787369e-03, 2.55279662e-03, 4.02258849e-03, 9.59232636e-03,
       2.93958397e-03 ]
