%YAML:1.0
mandawa-19mar41: !!opencv-matrix
   rows: 1
   cols: 200
   dt: f
   data: [ 4.46369965e-03, 9.18996986e-03, 1.11592487e-02,
       4.77003166e-03, 2.93203793e-03, 1.88175566e-03, 4.85755550e-03,
       4.90131695e-03, 5.51398192e-03, 5.33893472e-03, 4.81379358e-03,
       2.10056454e-03, 7.48326117e-03, 2.53818207e-03, 2.18808791e-03,
       2.45065847e-03, 1.31722894e-02, 1.30847665e-02, 5.60150528e-03,
       5.73279057e-03, 3.76351131e-03, 9.97768156e-03, 1.26909104e-03,
       4.06984380e-03, 2.40689679e-03, 8.48978106e-03, 2.36313511e-03,
       4.94507886e-03, 1.66294689e-03, 2.88827624e-03, 1.40037632e-03,
       4.81379358e-03, 3.32589378e-03, 6.08288450e-03, 2.36313511e-03,
       1.57542340e-03, 2.93203793e-03, 1.96927926e-03, 5.03260223e-03,
       5.29517280e-03, 1.35661452e-03, 2.71322904e-03, 2.71322904e-03,
       6.30169362e-03, 2.71322904e-03, 7.22069060e-03, 1.75922271e-02,
       9.49630234e-03, 2.66946736e-03, 3.50094074e-03, 3.76351131e-03,
       1.00652047e-03, 2.09181216e-02, 8.44602007e-03, 1.03715369e-02,
       5.42645808e-03, 4.59498493e-03, 1.66294689e-03, 3.41341738e-03,
       1.16406279e-02, 7.61454646e-03, 5.29517280e-03, 1.34786218e-02,
       1.75922271e-02, 1.35223838e-02, 6.34545507e-03, 5.20764943e-03,
       4.72627021e-03, 3.50094074e-03, 4.59498493e-03, 3.45717906e-03,
       1.68482773e-02, 7.74583174e-03, 9.18996986e-04, 3.85103491e-03,
       2.31937319e-03, 4.20112908e-03, 4.37617581e-03, 4.81379358e-03,
       4.37617581e-03, 3.36965546e-03, 1.16843898e-02, 2.36313511e-03,
       2.75699096e-03, 3.36965546e-03, 4.55122301e-03, 1.57542340e-03,
       1.66294689e-03, 1.40037632e-03, 8.97116121e-03, 9.14620794e-03,
       2.58194376e-03, 8.66482873e-03, 2.27561151e-03, 6.91435812e-03,
       4.11360525e-03, 2.27561151e-03, 4.59498493e-03, 3.10708489e-03,
       6.87059620e-03, 2.49442039e-03, 4.50746110e-03, 4.33241436e-03,
       2.84451433e-03, 8.05216376e-03, 3.41341738e-03, 1.17719136e-02,
       5.03260223e-03, 4.63874638e-03, 3.54470266e-03, 1.88175566e-03,
       9.27749276e-03, 3.63222603e-03, 3.76351131e-03, 4.72627021e-03,
       3.67598794e-03, 1.47914747e-02, 1.35661452e-03, 4.28865245e-03,
       1.18156755e-03, 6.82683475e-03, 1.44851422e-02, 7.30821397e-03,
       1.26909104e-03, 1.05903456e-02, 1.57542340e-03, 5.90783777e-03,
       1.88175566e-03, 4.06984380e-03, 3.15084681e-03, 2.45065847e-03,
       4.15736716e-03, 6.47674035e-03, 4.94507886e-03, 2.45065847e-03,
       3.71974963e-03, 1.13780575e-03, 3.19460849e-03, 9.62758728e-04,
       1.33035751e-02, 6.82683475e-03, 4.94507886e-03, 5.77655248e-03,
       3.32589378e-03, 5.42645808e-03, 2.36313511e-03, 2.93203793e-03,
       3.45717906e-03, 3.67598794e-03, 4.11360525e-03, 1.02402521e-02,
       4.11360525e-03, 3.63222603e-03, 1.39162401e-02, 3.19460849e-03,
       3.19460849e-03, 2.88827624e-03, 4.11360525e-03, 2.66946736e-03,
       4.24489053e-03, 2.62570567e-03, 1.53166160e-03, 2.49442039e-03,
       3.80727323e-03, 3.32589378e-03, 5.55774337e-03, 1.53166160e-03,
       3.76351131e-03, 3.50094074e-03, 2.40689679e-03, 4.20112908e-03,
       2.23184982e-03, 1.21220071e-02, 7.52702262e-03, 5.82031393e-03,
       6.25793170e-03, 4.90131695e-03, 2.45065847e-03, 3.28213209e-03,
       3.85103491e-03, 5.47022000e-03, 4.98884078e-03, 2.84451433e-03,
       5.82031393e-03, 1.96927926e-03, 3.45717906e-03, 1.44413812e-03,
       3.36965546e-03, 5.38269663e-03, 3.98231996e-03, 2.18808791e-03,
       4.72627021e-03, 1.44413812e-03, 1.40037632e-03, 3.76351131e-03,
       3.50094074e-03, 4.02608188e-03, 8.62106681e-03, 3.58846434e-03,
       5.33893472e-03 ]
