%YAML:1.0
mandawa049: !!opencv-matrix
   rows: 1
   cols: 200
   dt: f
   data: [ 2.05240981e-03, 5.86402789e-03, 4.21477016e-03,
       2.34561111e-03, 2.12571002e-03, 5.64412680e-03, 6.04727864e-03,
       3.99486907e-03, 4.98442352e-03, 6.19387953e-03, 3.07861459e-03,
       2.19901046e-03, 1.50265712e-02, 3.95821873e-03, 1.03353485e-02,
       4.76452243e-03, 5.20432461e-03, 3.70166753e-03, 2.27231067e-03,
       3.77496798e-03, 8.57614074e-03, 2.05240981e-03, 3.07861459e-03,
       3.22521525e-03, 3.59171699e-03, 4.14146949e-03, 5.38757537e-03,
       4.65457188e-03, 4.91112331e-03, 3.15924510e-02, 1.59794763e-02,
       4.36137058e-03, 3.07861459e-03, 1.64925784e-03, 2.38226121e-03,
       2.96866405e-03, 1.68590795e-03, 1.86915882e-03, 5.64412680e-03,
       1.43668680e-02, 3.07861459e-03, 3.29851569e-03, 2.93201394e-03,
       7.76983658e-03, 2.71211285e-03, 2.68279277e-02, 4.17811982e-03,
       2.30896100e-03, 4.54462133e-03, 3.18856514e-03, 2.27231067e-03,
       1.72255817e-03, 3.51841655e-03, 2.49221176e-03, 6.04727864e-03,
       5.42422570e-03, 6.59703137e-03, 7.87978712e-03, 2.85871350e-03,
       6.85358234e-03, 3.77496798e-03, 3.07861459e-03, 2.08905991e-03,
       7.11013377e-03, 2.78541329e-03, 5.38757537e-03, 6.34047994e-03,
       4.39802092e-03, 2.41891155e-03, 4.10481961e-03, 3.99486907e-03,
       3.33516579e-03, 5.13102440e-03, 2.27231067e-03, 5.82737755e-03,
       1.08118011e-02, 3.92156839e-03, 4.43467079e-03, 1.94245914e-03,
       6.67033158e-03, 3.18856514e-03, 7.73318671e-03, 3.73831764e-03,
       2.49221176e-03, 2.34561111e-03, 8.53949040e-03, 7.18343398e-03,
       1.14348540e-02, 2.96866405e-03, 2.56551220e-03, 5.05772373e-03,
       5.20432461e-03, 5.64412680e-03, 1.90580904e-03, 6.26717974e-03,
       2.60216231e-03, 5.79072721e-03, 1.79585849e-03, 3.07861459e-03,
       1.24244085e-02, 5.35092549e-03, 1.86915882e-03, 5.64412680e-03,
       4.39802092e-03, 3.48176644e-03, 2.71211285e-03, 1.97910937e-03,
       3.70166753e-03, 5.38757537e-03, 3.70166753e-03, 2.60216231e-03,
       2.52886186e-03, 2.05240981e-03, 5.13102440e-03, 2.49221176e-03,
       6.78028213e-03, 3.59171699e-03, 6.23052940e-03, 1.35605643e-03,
       6.92688301e-03, 4.61792201e-03, 3.70166753e-03, 5.46087604e-03,
       7.03683309e-03, 4.43467079e-03, 3.95821873e-03, 6.04727864e-03,
       5.13102440e-03, 1.28275610e-03, 9.71229561e-03, 3.55506688e-03,
       7.95308780e-03, 2.34561111e-03, 3.70166753e-03, 3.70166753e-03,
       6.63368125e-03, 7.29338452e-03, 2.74876296e-03, 1.13615533e-03,
       6.04727864e-03, 4.03151894e-03, 2.30896100e-03, 3.70166753e-03,
       5.57082659e-03, 6.52373070e-03, 6.45043049e-03, 3.48176644e-03,
       2.82206340e-03, 3.37181590e-03, 6.37713028e-03, 4.39802092e-03,
       1.65292285e-02, 4.36137058e-03, 4.87447297e-03, 2.96866405e-03,
       2.49221176e-03, 1.72255817e-03, 7.18343398e-03, 1.74821336e-02,
       2.16236035e-03, 6.48708083e-03, 1.86915882e-03, 2.67546275e-03,
       6.04727864e-03, 3.88491829e-03, 3.26186535e-03, 3.59171699e-03,
       2.52886186e-03, 7.03683309e-03, 3.00531415e-03, 4.21477016e-03,
       6.04727864e-03, 2.49221176e-03, 3.15191504e-03, 2.89536361e-03,
       5.82737755e-03, 1.94612425e-02, 2.82206340e-03, 1.83250871e-03,
       4.03151894e-03, 4.21477016e-03, 5.27762482e-03, 3.73831764e-03,
       7.22008431e-03, 1.00054974e-02, 2.45556165e-03, 4.50797146e-03,
       5.53417625e-03, 6.48708083e-03, 5.68077713e-03, 5.13102440e-03,
       3.26186535e-03, 2.93201394e-03, 3.55506688e-03, 2.89536361e-03,
       4.72787255e-03, 3.92156839e-03, 1.12516033e-02, 6.85358234e-03,
       2.67546275e-03 ]
