%YAML:1.0
mandawa-19mar22_12: !!opencv-matrix
   rows: 1
   cols: 200
   dt: f
   data: [ 2.61242758e-03, 2.42582569e-03, 2.42582569e-03,
       5.59805939e-03, 1.86601974e-04, 6.71767117e-03, 3.91864125e-03,
       4.85165138e-03, 3.17223347e-03, 5.97126316e-03, 2.61242758e-03,
       8.39708839e-03, 5.41145727e-03, 2.05262168e-03, 7.46407919e-03,
       3.73203959e-03, 3.35883559e-03, 1.06363129e-02, 8.21048673e-03,
       2.42582569e-03, 3.35883559e-03, 2.79902969e-03, 7.09087495e-03,
       7.65068084e-03, 2.05262168e-03, 4.29184549e-03, 3.73203959e-03,
       1.77271869e-02, 2.98563158e-03, 5.41145727e-03, 1.86601980e-03,
       2.98563158e-03, 2.98563158e-03, 3.35883559e-03, 4.10524337e-03,
       3.73203959e-03, 2.61242758e-03, 2.23922357e-03, 5.41145727e-03,
       3.17223347e-03, 2.42582569e-03, 3.73203959e-03, 4.85165138e-03,
       3.17223347e-03, 5.97126316e-03, 3.35883559e-03, 6.34446694e-03,
       4.66504926e-03, 3.54543747e-03, 6.53106906e-03, 6.34446694e-03,
       2.98563158e-03, 2.42582569e-03, 3.17223347e-03, 1.54879643e-02,
       3.32151502e-02, 3.17223347e-03, 8.39708839e-03, 2.98563158e-03,
       2.51912661e-02, 1.49281579e-03, 7.83728249e-03, 1.86601980e-03,
       6.53106906e-03, 7.65068084e-03, 3.35883559e-03, 1.11961178e-03,
       6.15786528e-03, 6.34446694e-03, 3.73203959e-03, 4.66504926e-03,
       2.23922357e-03, 5.78466104e-03, 7.46407919e-03, 2.61242758e-03,
       1.67941779e-03, 1.67941779e-03, 4.29184549e-03, 8.95689428e-03,
       2.98563158e-03, 1.49281579e-03, 6.15786528e-03, 1.86601980e-03,
       9.33009898e-04, 3.91864125e-03, 6.15786528e-03, 2.42582569e-03,
       6.71767117e-03, 1.86601980e-03, 4.85165138e-03, 5.41145727e-03,
       3.54543747e-03, 4.10524337e-03, 1.67941779e-03, 5.97126316e-03,
       1.86601980e-03, 9.14349686e-03, 9.88990441e-03, 3.73203959e-03,
       2.42582569e-03, 2.05262168e-03, 9.14349686e-03, 4.10524337e-03,
       6.53106906e-03, 6.34446694e-03, 1.19425263e-02, 1.11961178e-03,
       3.91864125e-03, 8.39708839e-03, 8.58369097e-03, 3.73203959e-03,
       4.10524337e-03, 3.35883559e-03, 2.05262168e-03, 3.17223347e-03,
       2.05262168e-03, 5.03825350e-03, 2.61242758e-03, 2.61242758e-03,
       1.08229145e-02, 3.35883559e-03, 2.61242758e-03, 1.49281579e-03,
       4.29184549e-03, 2.98563158e-03, 7.46407919e-03, 7.83728249e-03,
       3.17223347e-03, 4.85165138e-03, 7.27747707e-03, 1.11961178e-03,
       3.91864125e-03, 3.17223347e-03, 1.13827204e-02, 5.78466104e-03,
       3.54543747e-03, 4.66504926e-03, 2.61242758e-03, 4.29184549e-03,
       2.23922357e-03, 6.15786528e-03, 3.17223347e-03, 6.53106906e-03,
       1.88467987e-02, 2.42582569e-03, 2.42582569e-03, 3.54543747e-03,
       4.47844714e-03, 2.42582569e-03, 3.73203959e-03, 1.30621379e-03,
       5.78466104e-03, 4.47844714e-03, 2.98563158e-03, 5.59805939e-03,
       7.09087495e-03, 2.79902969e-03, 5.03825350e-03, 2.79902969e-03,
       4.47844714e-03, 5.03825350e-03, 4.29184549e-03, 3.17223347e-03,
       7.46407919e-03, 5.22485515e-03, 1.49281584e-02, 7.65068084e-03,
       9.33009898e-04, 8.02388508e-03, 9.33009898e-04, 4.85165138e-03,
       3.35883559e-03, 3.17223347e-03, 3.35883559e-03, 5.59805939e-03,
       1.21291280e-02, 7.46407919e-03, 5.41145727e-03, 3.17223347e-03,
       2.98563158e-03, 2.23922357e-03, 8.39708839e-03, 5.78466104e-03,
       2.23922357e-03, 3.73203959e-03, 2.23922357e-03, 9.14349686e-03,
       4.10524337e-03, 3.17223347e-03, 3.73203959e-03, 3.35883559e-03,
       6.34446694e-03, 3.73203959e-03, 1.43683515e-02, 8.58369097e-03,
       4.85165138e-03, 2.42582569e-03, 2.23922357e-03, 7.65068084e-03,
       4.29184549e-03 ]
