%YAML:1.0
mandawa049: !!opencv-matrix
   rows: 1
   cols: 200
   dt: f
   data: [ 4.39802092e-03, 2.82206340e-03, 2.16236035e-03,
       1.09950518e-02, 3.40846623e-03, 3.84826818e-03, 4.10481961e-03,
       5.31427516e-03, 3.33516579e-03, 2.27231067e-03, 4.21477016e-03,
       1.00787980e-02, 5.60747646e-03, 3.66501743e-03, 4.28807037e-03,
       6.01062831e-03, 3.29851569e-03, 9.67564620e-03, 1.94245914e-03,
       2.34561111e-03, 5.42422570e-03, 2.05240981e-03, 3.22521525e-03,
       2.49221176e-03, 3.48176644e-03, 3.11526470e-03, 3.73831764e-03,
       2.52886186e-03, 1.20579069e-02, 3.73831764e-03, 6.81693247e-03,
       4.80117276e-03, 3.40846623e-03, 2.78541329e-03, 3.07861459e-03,
       2.38226121e-03, 6.08392898e-03, 8.42953974e-04, 1.31940620e-03,
       5.86402789e-03, 4.17811982e-03, 2.63881241e-03, 3.95821873e-03,
       6.56038104e-03, 6.23052940e-03, 4.87447297e-03, 7.80648692e-03,
       7.00018322e-03, 4.21477016e-03, 2.19901046e-03, 5.79072721e-03,
       1.28275610e-03, 2.75242794e-02, 1.07751507e-02, 2.05240981e-03,
       6.41378015e-03, 6.37713028e-03, 2.67546275e-03, 7.43998541e-03,
       3.00531415e-03, 1.13982037e-02, 2.89536361e-03, 2.41891155e-03,
       1.38537660e-02, 3.46344151e-02, 2.34561111e-03, 3.40846623e-03,
       1.69323795e-02, 2.01575947e-03, 7.03683309e-03, 4.25142003e-03,
       7.36668473e-03, 4.25142003e-03, 2.34561111e-03, 6.96353288e-03,
       4.36137058e-03, 3.48176644e-03, 2.19901046e-03, 2.93201394e-03,
       5.16767427e-03, 7.03683309e-03, 1.01520978e-02, 3.88491829e-03,
       2.41891155e-03, 5.82737755e-03, 4.03151894e-03, 5.24097495e-03,
       1.90580904e-03, 5.20432461e-03, 1.57229248e-02, 2.74876296e-03,
       2.16236035e-03, 2.96866405e-03, 3.81161808e-03, 6.63368125e-03,
       4.14146949e-03, 2.27231067e-03, 3.99486907e-03, 2.23566056e-03,
       6.92688301e-03, 5.46087604e-03, 3.33516579e-03, 9.82224662e-03,
       1.61260762e-03, 1.48799708e-02, 5.13102440e-03, 6.70698192e-03,
       1.68590795e-03, 4.06816928e-03, 4.06816928e-03, 3.11526470e-03,
       2.82206340e-03, 2.49221176e-03, 3.55506688e-03, 6.92688301e-03,
       3.00531415e-03, 1.19113065e-02, 2.52886186e-03, 5.42422570e-03,
       5.05772373e-03, 5.75407734e-03, 5.82737755e-03, 3.48176644e-03,
       7.33003486e-03, 2.56551220e-03, 3.33516579e-03, 3.22521525e-03,
       2.67546275e-03, 3.81161808e-03, 2.60216231e-03, 5.68077713e-03,
       3.59171699e-03, 6.19387953e-03, 2.52886186e-03, 2.49221176e-03,
       5.75407734e-03, 2.19901046e-03, 2.08905991e-03, 4.36137058e-03,
       1.99743453e-02, 2.78541329e-03, 6.30383007e-03, 4.14146949e-03,
       3.29851569e-03, 5.42422570e-03, 2.12571002e-03, 2.16236035e-03,
       1.97910937e-03, 8.24628863e-03, 4.50797146e-03, 7.84313679e-03,
       3.11526470e-03, 5.93732810e-03, 7.22008431e-03, 3.73831764e-03,
       1.24610588e-03, 2.34561111e-03, 4.94777365e-03, 3.48176644e-03,
       2.08905991e-03, 1.90580904e-03, 1.24610588e-03, 6.34047994e-03,
       4.25142003e-03, 5.57082659e-03, 1.60527769e-02, 2.85871350e-03,
       5.46087604e-03, 2.74876296e-03, 2.74876296e-03, 4.76452243e-03,
       2.16236035e-03, 2.12571002e-03, 2.08905991e-03, 4.32472071e-03,
       4.94777365e-03, 6.74363179e-03, 3.48176644e-03, 7.43998541e-03,
       2.93201394e-03, 6.89023267e-03, 3.48176644e-03, 5.75407734e-03,
       6.89023267e-03, 6.08392898e-03, 2.85871350e-03, 3.18856514e-03,
       2.85871350e-03, 5.64412680e-03, 3.44511634e-03, 5.27762482e-03,
       6.04727864e-03, 1.72255817e-03, 2.67546275e-03, 2.30896100e-03,
       4.98442352e-03, 5.60747646e-03, 1.75920827e-03, 6.78028213e-03,
       7.91643746e-03 ]
