%YAML:1.0
mandawa-19mar27_2: !!opencv-matrix
   rows: 1
   cols: 200
   dt: f
   data: [ 2.19106046e-03, 9.64066572e-03, 5.17090270e-03,
       3.68098146e-03, 4.03155107e-03, 2.19106046e-03, 3.33041186e-03,
       6.83610840e-03, 1.66520588e-02, 3.50569654e-03, 3.50569654e-03,
       3.59333912e-03, 3.50569654e-03, 2.71691498e-03, 3.41805420e-03,
       2.36634514e-03, 7.09903566e-03, 5.43382997e-03, 2.62927241e-03,
       1.66520593e-03, 2.10341811e-03, 3.24276951e-03, 2.71691498e-03,
       1.92813319e-03, 9.64066596e-04, 2.89219967e-03, 6.04732661e-03,
       1.75284827e-03, 1.84049073e-03, 2.54163006e-03, 3.59333912e-03,
       9.64066572e-03, 4.20683622e-03, 4.03155107e-03, 3.24276951e-03,
       1.92813319e-03, 1.13935140e-03, 6.66082371e-03, 4.38212091e-03,
       2.80455733e-03, 3.24276951e-03, 1.48992112e-03, 1.31463620e-03,
       2.97984225e-03, 2.36634514e-03, 5.08326013e-03, 4.03155107e-03,
       9.72830784e-03, 2.54163006e-03, 2.19106046e-03, 7.44960550e-03,
       5.25854481e-03, 1.26205077e-02, 9.81595088e-03, 6.04732661e-03,
       4.38212091e-03, 3.94390896e-03, 7.88781792e-03, 4.99561755e-03,
       4.73269029e-03, 4.46976302e-03, 4.03155107e-03, 2.96231359e-02,
       5.67046441e-02, 1.56003498e-02, 6.48553902e-03, 3.68098146e-03,
       2.19106046e-03, 1.92813319e-03, 2.01577554e-03, 3.24276951e-03,
       4.29447833e-03, 4.29447833e-03, 7.09903566e-03, 2.62927241e-03,
       1.48992112e-03, 5.60911465e-03, 1.26205077e-02, 2.10341811e-03,
       3.76862381e-03, 2.54163006e-03, 3.59333912e-03, 1.48992112e-03,
       2.71691498e-03, 2.36634514e-03, 4.20683622e-03, 3.59333912e-03,
       3.76862381e-03, 1.84049073e-03, 8.67659878e-03, 8.58895667e-03,
       2.27870280e-03, 3.76862381e-03, 6.13496930e-04, 2.10341811e-03,
       3.41805420e-03, 2.62927241e-03, 2.42769495e-02, 7.88781734e-04,
       4.29447833e-03, 6.66082371e-03, 3.50569654e-03, 3.41805420e-03,
       1.05170906e-03, 5.52147208e-03, 2.71691498e-03, 2.90972814e-02,
       3.68098146e-03, 5.25854481e-03, 2.01577554e-03, 1.13935140e-03,
       9.20245331e-03, 3.24276951e-03, 1.57756347e-03, 1.44609986e-02,
       1.66520593e-03, 3.94390896e-03, 1.40227866e-03, 4.38212091e-03,
       3.50569666e-04, 1.48992112e-03, 3.51446085e-02, 4.90797544e-03,
       4.46976302e-03, 9.55302361e-03, 2.01577554e-03, 3.68098146e-03,
       5.60911465e-03, 3.33041186e-03, 2.27870280e-03, 3.24276951e-03,
       2.97984225e-03, 5.34618739e-03, 3.76862381e-03, 2.36634514e-03,
       1.57756347e-03, 7.18667824e-03, 2.80455733e-03, 2.97984225e-03,
       1.20946532e-02, 3.24276951e-03, 2.45398772e-03, 3.85626638e-03,
       2.22611744e-02, 3.85626638e-03, 2.89219967e-03, 2.71691498e-03,
       2.19106046e-03, 8.50131456e-03, 2.71691498e-03, 1.83172654e-02,
       1.57756347e-03, 2.45398772e-03, 4.20683622e-03, 2.19106046e-03,
       2.10341811e-03, 2.10341811e-03, 2.27870280e-03, 2.62927241e-03,
       3.15512693e-03, 3.33041186e-03, 5.78439934e-03, 1.05170906e-03,
       2.45398772e-03, 3.33041186e-03, 1.03418054e-02, 7.88781734e-04,
       2.97984225e-03, 3.59333912e-03, 1.75284827e-03, 2.62927241e-03,
       1.15687987e-02, 1.28834350e-02, 5.34618739e-03, 1.31463623e-02,
       5.52147208e-03, 3.06748459e-03, 2.54163006e-03, 2.71691498e-03,
       1.66520593e-03, 2.97984225e-03, 4.46976302e-03, 4.55740560e-03,
       1.84049073e-03, 2.62927241e-03, 4.99561755e-03, 1.13935140e-03,
       2.89219967e-03, 4.29447833e-03, 2.89219967e-03, 1.57756347e-03,
       2.45398772e-03, 1.05170906e-03, 7.36196293e-03, 3.76862381e-03,
       2.01577554e-03, 3.33041186e-03, 4.03155107e-03, 2.36634514e-03,
       1.66520593e-03 ]
