%YAML:1.0
mandawa-19mar33_12: !!opencv-matrix
   rows: 1
   cols: 200
   dt: f
   data: [ 3.70551646e-03, 6.36230176e-03, 4.68433229e-03,
       5.80297876e-03, 9.57841054e-03, 3.00636236e-03, 5.31357061e-03,
       7.41103292e-03, 6.57204818e-03, 2.86653149e-03, 3.21610854e-03,
       4.82416293e-03, 2.11144518e-02, 2.93644704e-03, 3.28602409e-03,
       3.00636236e-03, 6.08264003e-03, 7.83052482e-03, 5.03390934e-03,
       3.77543177e-03, 5.52331703e-03, 5.38348593e-03, 2.30720825e-03,
       3.98517819e-03, 3.35593941e-03, 1.27246035e-02, 2.79661617e-03,
       4.12500883e-03, 1.32839265e-03, 3.14619322e-03, 3.21610854e-03,
       1.60805427e-03, 5.10382466e-03, 1.88771589e-03, 4.26483946e-03,
       4.12500883e-03, 3.42585472e-03, 1.60805427e-03, 4.19492414e-03,
       5.87289408e-03, 3.14619322e-03, 4.61441651e-03, 2.30720825e-03,
       5.38348593e-03, 4.40467056e-03, 4.96399356e-03, 7.41103292e-03,
       6.99154055e-03, 4.75424761e-03, 3.14619322e-03, 4.12500883e-03,
       9.78815602e-04, 1.09767187e-02, 3.98517819e-03, 4.75424761e-03,
       6.64196350e-03, 5.03390934e-03, 1.32839265e-03, 3.70551646e-03,
       4.47458588e-03, 1.18157035e-02, 6.64196350e-03, 9.15891770e-03,
       2.11144518e-02, 1.41229117e-02, 4.47458588e-03, 5.31357061e-03,
       1.24449423e-02, 3.14619322e-03, 3.84534732e-03, 3.63560114e-03,
       5.38348593e-03, 5.59323234e-03, 1.88771589e-03, 3.84534732e-03,
       2.51695467e-03, 2.44703912e-03, 4.61441651e-03, 4.68433229e-03,
       2.93644704e-03, 3.49577027e-03, 6.57204818e-03, 4.12500883e-03,
       2.30720825e-03, 2.72670086e-03, 4.47458588e-03, 1.88771589e-03,
       2.79661617e-03, 2.30720825e-03, 1.05572259e-02, 5.38348593e-03,
       2.86653149e-03, 4.19492414e-03, 4.33475524e-03, 3.42585472e-03,
       3.21610854e-03, 3.28602409e-03, 1.03474800e-02, 2.09746207e-03,
       4.89407824e-03, 4.54450119e-03, 4.40467056e-03, 3.63560114e-03,
       2.30720825e-03, 6.36230176e-03, 3.70551646e-03, 2.17436906e-02,
       4.12500883e-03, 3.98517819e-03, 3.21610854e-03, 2.23729294e-03,
       6.15255535e-03, 5.59323234e-03, 3.91526241e-03, 6.50213240e-03,
       2.86653149e-03, 8.11018702e-03, 3.70551646e-03, 7.41103292e-03,
       2.09746207e-03, 3.98517819e-03, 1.88771598e-02, 7.20128650e-03,
       6.36230176e-03, 6.36230176e-03, 3.98517819e-03, 5.17373998e-03,
       3.35593941e-03, 6.22247113e-03, 3.84534732e-03, 4.75424761e-03,
       4.05509351e-03, 5.94280940e-03, 3.35593941e-03, 4.19492414e-03,
       3.14619322e-03, 9.08900285e-04, 3.70551646e-03, 2.16737762e-03,
       1.00678187e-02, 2.93644704e-03, 3.98517819e-03, 4.05509351e-03,
       7.83052482e-03, 2.79661617e-03, 2.37712380e-03, 2.72670086e-03,
       3.14619322e-03, 5.10382466e-03, 4.82416293e-03, 2.91547235e-02,
       3.28602409e-03, 4.89407824e-03, 5.80297876e-03, 2.93644704e-03,
       3.42585472e-03, 3.91526241e-03, 3.21610854e-03, 3.91526241e-03,
       4.75424761e-03, 2.30720825e-03, 1.53813884e-03, 3.21610854e-03,
       3.07627767e-03, 5.73306298e-03, 1.20254494e-02, 2.44703912e-03,
       5.03390934e-03, 3.63560114e-03, 2.86653149e-03, 4.89407824e-03,
       1.21652801e-02, 3.35593941e-03, 6.29238645e-03, 6.29238645e-03,
       3.14619322e-03, 3.91526241e-03, 3.14619322e-03, 4.75424761e-03,
       2.93644704e-03, 4.61441651e-03, 5.38348593e-03, 4.19492414e-03,
       2.93644704e-03, 2.72670086e-03, 5.31357061e-03, 4.47458588e-03,
       3.35593941e-03, 7.97035638e-03, 4.12500883e-03, 3.00636236e-03,
       4.33475524e-03, 2.79661617e-03, 1.25847734e-03, 4.61441651e-03,
       3.35593941e-03, 3.63560114e-03, 3.91526241e-03, 6.50213240e-03,
       4.89407824e-03 ]
