%YAML:1.0
mandawa-19mar19_21: !!opencv-matrix
   rows: 1
   cols: 200
   dt: f
   data: [ 2.41594529e-03, 3.82524682e-03, 4.42923326e-03,
       2.71793851e-03, 5.38554462e-03, 2.91926716e-03, 4.17757221e-03,
       2.76827067e-03, 5.03321923e-03, 6.69418182e-03, 1.37406886e-02,
       4.27823653e-03, 2.33541373e-02, 4.12723981e-03, 4.32856847e-03,
       2.61727395e-03, 3.12059605e-03, 4.47956519e-03, 4.02657548e-03,
       3.57358577e-03, 5.53654134e-03, 1.35896925e-03, 4.58022952e-03,
       3.87557899e-03, 1.71129452e-03, 3.12059605e-03, 4.27823653e-03,
       5.53654134e-03, 2.66760634e-03, 1.06704254e-02, 5.03321923e-03,
       3.37225688e-03, 5.43587701e-03, 2.36561312e-03, 2.56694178e-03,
       4.07690788e-03, 2.06361990e-03, 1.96295558e-03, 3.82524682e-03,
       4.78155818e-03, 9.16045904e-03, 3.12059605e-03, 2.06361990e-03,
       5.33521269e-03, 2.21461663e-03, 1.33380312e-02, 3.42258904e-03,
       3.17092822e-03, 2.91926716e-03, 5.78820240e-03, 5.43587701e-03,
       3.32192471e-03, 4.83189058e-03, 5.43587701e-03, 2.31528096e-03,
       3.27159255e-03, 5.28488029e-03, 2.26494879e-03, 7.04650721e-03,
       4.68089385e-03, 3.92591115e-03, 4.98288730e-03, 2.06361990e-03,
       1.72639415e-02, 6.59351749e-03, 1.96295558e-03, 3.07026389e-03,
       5.63720567e-03, 6.09019538e-03, 5.53654134e-03, 3.17092822e-03,
       2.71793851e-03, 3.77491442e-03, 1.91262341e-03, 1.96295558e-03,
       3.17092822e-03, 2.91926716e-03, 3.52325360e-03, 4.52989759e-03,
       3.72458226e-03, 4.47956519e-03, 7.19750347e-03, 2.56694178e-03,
       3.72458226e-03, 1.06200930e-02, 8.10348336e-03, 2.91926716e-03,
       5.08355163e-03, 4.02657548e-03, 3.17092822e-03, 2.26494879e-03,
       3.47292144e-03, 2.26494879e-03, 2.16428423e-03, 3.32192471e-03,
       9.81477741e-03, 4.63056192e-03, 4.42923326e-03, 2.16428423e-03,
       1.06200930e-02, 4.17757221e-03, 3.42258904e-03, 3.04509774e-02,
       2.81860284e-03, 2.66760634e-03, 3.07026389e-03, 1.36903562e-02,
       3.42258904e-03, 7.34850019e-03, 7.49949692e-03, 2.71793851e-03,
       5.43587701e-03, 1.46970004e-02, 2.41594529e-03, 3.52325360e-03,
       5.58687327e-03, 2.16428423e-03, 4.32856847e-03, 6.24119211e-03,
       4.42923326e-03, 1.25830481e-03, 3.92591115e-03, 7.85182230e-03,
       7.65049364e-03, 2.26494879e-03, 7.34850019e-03, 3.32192471e-03,
       1.48479966e-02, 5.28488029e-03, 9.56311636e-03, 2.56694178e-03,
       4.42923326e-03, 1.91262341e-03, 2.61727395e-03, 1.45963358e-03,
       3.82524682e-03, 2.76827067e-03, 8.05315096e-03, 3.12059605e-03,
       3.47292144e-03, 2.91926716e-03, 4.58022952e-03, 3.32192471e-03,
       1.91262341e-03, 1.66096236e-03, 2.41594529e-03, 2.71793851e-03,
       4.22790414e-03, 2.26494879e-03, 2.86893500e-03, 5.18421596e-03,
       1.10227503e-02, 3.17092822e-03, 2.21461663e-03, 8.95913038e-03,
       4.12723981e-03, 3.92591115e-03, 1.40426820e-02, 1.57539770e-02,
       3.52325360e-03, 4.88222297e-03, 1.34890275e-02, 3.02999802e-02,
       3.01993173e-03, 2.86893500e-03, 4.12723981e-03, 2.96959933e-03,
       5.98953106e-03, 7.49949692e-03, 1.81195897e-03, 2.16428423e-03,
       3.62391793e-03, 3.47292144e-03, 2.96959933e-03, 2.91926716e-03,
       3.32192471e-03, 1.30863697e-03, 5.18421596e-03, 4.63056192e-03,
       2.81860284e-03, 5.38554462e-03, 4.58022952e-03, 3.82524682e-03,
       2.46627745e-03, 4.22790414e-03, 5.13388356e-03, 3.42258904e-03,
       5.23454789e-03, 4.88222297e-03, 3.17092822e-03, 7.09683914e-03,
       5.33521269e-03, 4.63056192e-03, 3.07026389e-03, 7.34850019e-03,
       5.43587701e-03, 2.96959933e-03, 9.46245249e-03, 4.02657548e-03,
       3.62391793e-03 ]
