%YAML:1.0
mandawa-19mar35_11: !!opencv-matrix
   rows: 1
   cols: 200
   dt: f
   data: [ 2.56297179e-03, 3.94091383e-03, 1.62597131e-02,
       6.22829702e-03, 4.68500238e-03, 3.69288423e-03, 3.16926627e-03,
       6.61412079e-04, 1.10235345e-02, 5.20862034e-03, 4.18894319e-03,
       1.04723580e-03, 6.20073825e-03, 1.79132447e-03, 4.85035544e-03,
       5.18106157e-03, 5.67712029e-03, 6.55900314e-03, 1.40550069e-03,
       1.35038304e-03, 3.94091383e-03, 2.34250119e-03, 4.16138442e-03,
       1.51573610e-03, 2.75588362e-03, 4.82279668e-03, 2.61808955e-03,
       1.76376558e-03, 1.95667753e-03, 1.68108905e-03, 6.17317948e-03,
       4.79523791e-03, 3.14170751e-03, 5.48420846e-03, 5.67712029e-03,
       6.47632685e-03, 1.29526539e-03, 3.85823729e-03, 8.26765143e-04,
       3.88579606e-03, 4.21650195e-03, 2.45273649e-03, 4.21650195e-03,
       3.47241340e-03, 3.99603136e-03, 1.15747121e-03, 6.06294442e-03,
       4.90547298e-03, 3.83067830e-03, 2.61808955e-03, 2.72832485e-03,
       3.77556076e-03, 1.47990957e-02, 5.70467953e-03, 4.49209055e-03,
       1.07203880e-02, 4.35429625e-03, 3.85823729e-03, 3.80311953e-03,
       3.44485464e-03, 1.76376558e-03, 2.42517772e-03, 2.56848354e-02,
       2.83029266e-02, 3.32359560e-02, 8.70859250e-03, 3.80311953e-03,
       1.40550069e-03, 1.92911865e-03, 3.00391321e-03, 1.51573610e-03,
       7.24797416e-03, 3.94091383e-03, 4.98814974e-03, 5.09838481e-03,
       1.62597140e-03, 3.03147221e-03, 9.01173986e-03, 2.12203036e-03,
       2.09447159e-03, 3.41729587e-03, 9.45268106e-03, 4.71256115e-03,
       5.59444400e-03, 1.70864793e-03, 3.33461934e-03, 4.21650195e-03,
       6.91726804e-03, 2.86611915e-03, 8.73615127e-03, 9.48023982e-03,
       3.05903098e-03, 2.89367791e-03, 2.31494242e-03, 4.07870812e-03,
       6.53144438e-03, 6.66923868e-03, 3.03147221e-03, 4.74011991e-03,
       4.40941378e-03, 3.63776647e-03, 3.63776647e-03, 4.49209055e-03,
       4.21650195e-03, 1.35313887e-02, 1.81888323e-03, 1.02243284e-02,
       9.09441616e-04, 3.00391321e-03, 3.69288423e-03, 1.40550069e-03,
       9.28732846e-03, 4.18894319e-03, 3.00391321e-03, 1.31180063e-02,
       4.13382566e-03, 8.10229778e-03, 3.27950157e-03, 2.92123668e-03,
       1.68108905e-03, 4.07870812e-03, 3.09761334e-02, 4.32673749e-03,
       6.25585625e-03, 1.16573879e-02, 5.15350234e-03, 4.96059051e-03,
       7.19285663e-03, 2.78344261e-03, 1.02243284e-02, 3.55508993e-03,
       5.92515012e-03, 6.61412114e-03, 1.98423630e-03, 2.06691283e-03,
       4.54720808e-03, 3.91335506e-03, 2.28738342e-03, 3.99603136e-03,
       5.37397340e-03, 2.34250119e-03, 2.64564832e-03, 2.31494242e-03,
       4.02359013e-03, 8.29521008e-03, 3.16926627e-03, 2.92123668e-03,
       1.29526539e-03, 3.22438404e-03, 3.08658974e-03, 2.92950440e-02,
       2.39761896e-03, 3.96847259e-03, 6.31097378e-03, 1.18502998e-03,
       3.69288423e-03, 3.38973687e-03, 1.62597140e-03, 1.79132447e-03,
       1.04723582e-02, 5.23617910e-03, 4.65744361e-03, 2.83856015e-03,
       1.98423630e-03, 1.24014763e-03, 7.63379782e-03, 2.20470689e-03,
       3.36217810e-03, 4.96059051e-03, 3.08658974e-03, 3.11414851e-03,
       5.04326727e-03, 9.92118102e-03, 1.33660361e-02, 2.01179506e-03,
       2.50785425e-03, 3.16926627e-03, 3.74800176e-03, 2.92123668e-03,
       3.33461934e-03, 5.34641463e-03, 4.40941378e-03, 4.07870812e-03,
       4.40941378e-03, 1.90155976e-03, 2.72832485e-03, 3.44485464e-03,
       2.20470689e-03, 5.09838481e-03, 4.62988485e-03, 2.70076608e-03,
       4.68500238e-03, 2.70076608e-03, 6.75191497e-03, 4.85035544e-03,
       3.55508993e-03, 8.21253378e-03, 2.67320732e-03, 1.12991233e-03,
       3.96847259e-03 ]
