%YAML:1.0
mandawa-19mar36_21: !!opencv-matrix
   rows: 1
   cols: 200
   dt: f
   data: [ 2.34174146e-03, 2.69809342e-03, 1.25995874e-02,
       5.16710337e-03, 3.86896427e-03, 5.03983488e-03, 4.04714001e-03,
       1.24723185e-03, 1.47122452e-02, 4.35258448e-03, 6.56705769e-03,
       1.04360213e-03, 5.19255735e-03, 2.79990840e-03, 2.74900091e-03,
       3.97077901e-03, 5.67617780e-03, 7.05067813e-03, 1.98538951e-03,
       1.65449129e-03, 4.86165890e-03, 3.69078829e-03, 5.59981680e-03,
       1.67994492e-03, 2.64718593e-03, 5.70163131e-03, 3.30898259e-03,
       1.57813018e-03, 1.39995420e-03, 2.31628772e-03, 6.46524271e-03,
       4.83620539e-03, 3.18171387e-03, 4.98892739e-03, 7.55975256e-03,
       6.26161322e-03, 1.75630616e-03, 3.53806582e-03, 1.95993576e-03,
       7.05067813e-03, 5.06528886e-03, 2.06175074e-03, 4.37803846e-03,
       4.30167746e-03, 3.63988080e-03, 1.19632448e-03, 5.19255735e-03,
       3.63988080e-03, 2.13811174e-03, 2.03629700e-03, 3.43625108e-03,
       3.28352884e-03, 1.27014024e-02, 3.79260303e-03, 4.73439042e-03,
       6.84704864e-03, 7.25430762e-03, 3.41079733e-03, 4.17440850e-03,
       3.74169555e-03, 3.00353789e-03, 2.90172314e-03, 1.41013563e-02,
       1.96248125e-02, 1.85812097e-02, 7.78883556e-03, 3.18171387e-03,
       1.37450045e-03, 1.55267643e-03, 3.20716761e-03, 2.57082493e-03,
       6.03252975e-03, 4.98892739e-03, 4.12350148e-03, 3.10535287e-03,
       1.78175978e-03, 2.62173242e-03, 8.42517894e-03, 2.41810270e-03,
       3.28352884e-03, 4.53076046e-03, 8.06882698e-03, 7.38157658e-03,
       4.22531599e-03, 2.39264895e-03, 5.87980729e-03, 4.22531599e-03,
       5.95616875e-03, 3.05444538e-03, 2.03375164e-02, 7.78883556e-03,
       3.74169555e-03, 3.00353789e-03, 2.54537119e-03, 3.79260303e-03,
       6.59251120e-03, 6.41433522e-03, 2.59627867e-03, 3.10535287e-03,
       4.40349197e-03, 2.69809342e-03, 5.59981680e-03, 4.09804750e-03,
       3.15626035e-03, 6.64341869e-03, 2.77445465e-03, 1.36431893e-02,
       2.08720425e-03, 3.79260303e-03, 3.18171387e-03, 2.16356548e-03,
       1.09450957e-02, 5.14164986e-03, 2.82536191e-03, 1.17341615e-02,
       4.98892739e-03, 7.22885411e-03, 3.63988080e-03, 3.71624180e-03,
       1.75630616e-03, 4.40349197e-03, 2.23992672e-02, 4.63257544e-03,
       3.89441778e-03, 1.06141977e-02, 7.89065100e-03, 4.45439946e-03,
       5.87980729e-03, 2.90172314e-03, 1.10214576e-02, 3.41079733e-03,
       6.15979824e-03, 1.03342067e-02, 3.33443633e-03, 2.69809342e-03,
       3.89441778e-03, 3.71624180e-03, 2.29083397e-03, 3.30898259e-03,
       8.90879892e-03, 3.53806582e-03, 4.17440850e-03, 3.69078829e-03,
       3.41079733e-03, 4.19986248e-03, 2.08720425e-03, 3.91987152e-03,
       1.22177810e-03, 3.07989912e-03, 4.22531599e-03, 2.59373318e-02,
       2.16356548e-03, 3.02899163e-03, 5.75253880e-03, 2.06175074e-03,
       3.18171387e-03, 3.48715857e-03, 1.67994492e-03, 2.77445465e-03,
       1.28541244e-02, 4.37803846e-03, 4.55621444e-03, 3.35988984e-03,
       3.02899163e-03, 3.25807510e-03, 1.71812549e-02, 2.74900091e-03,
       2.49446370e-03, 5.59981680e-03, 4.58166795e-03, 3.51261231e-03,
       5.54890931e-03, 5.95616875e-03, 1.51449582e-02, 5.62527031e-03,
       3.46170482e-03, 4.25076997e-03, 4.83620539e-03, 3.99623252e-03,
       3.63988080e-03, 5.31982584e-03, 6.82159467e-03, 3.71624180e-03,
       3.56351957e-03, 2.21447297e-03, 3.76714929e-03, 4.02168650e-03,
       2.26538023e-03, 5.34527935e-03, 5.67617780e-03, 3.23262135e-03,
       4.25076997e-03, 3.33443633e-03, 4.60712193e-03, 4.40349197e-03,
       4.68348293e-03, 4.68348293e-03, 3.43625108e-03, 2.85081565e-03,
       3.33443633e-03 ]
