%YAML:1.0
mandawa-19mar20_21: !!opencv-matrix
   rows: 1
   cols: 200
   dt: f
   data: [ 2.80125579e-03, 3.47742089e-03, 3.91209824e-03,
       6.95484178e-03, 6.18208153e-03, 5.02294116e-03, 4.49166866e-03,
       2.70466064e-03, 4.49166866e-03, 4.15358599e-03, 1.18328901e-02,
       5.21613145e-03, 2.39072684e-02, 7.29292445e-03, 2.51147058e-03,
       3.67061095e-03, 5.21613145e-03, 2.80125579e-03, 4.73315595e-03,
       4.87804879e-03, 2.22168560e-03, 4.53996612e-03, 4.82975133e-03,
       4.63656103e-03, 1.35233032e-03, 2.94614816e-03, 2.84955325e-03,
       2.60806573e-03, 3.91209824e-03, 1.15431054e-02, 3.13933822e-03,
       3.81550356e-03, 5.55421365e-03, 6.27867645e-03, 4.29847836e-03,
       5.50591620e-03, 3.96039616e-03, 3.13933822e-03, 3.47742089e-03,
       1.69041287e-03, 1.00941798e-02, 4.20188345e-03, 6.56846166e-03,
       2.55976804e-03, 2.51147058e-03, 6.85824687e-03, 6.08548662e-03,
       5.94059378e-03, 6.47186674e-03, 5.02294116e-03, 4.44337120e-03,
       4.53996612e-03, 3.09104077e-03, 7.92079233e-03, 3.18763568e-03,
       2.46317312e-03, 5.94059378e-03, 2.60806573e-03, 5.26442891e-03,
       4.58826357e-03, 3.71890841e-03, 5.36102382e-03, 5.74740395e-03,
       8.25887453e-03, 7.38951936e-03, 2.89785070e-03, 4.58826357e-03,
       4.20188345e-03, 5.79570141e-03, 7.09973415e-03, 4.97464370e-03,
       4.29847836e-03, 2.94614816e-03, 3.96039616e-03, 4.82975133e-03,
       1.49722293e-03, 6.32697390e-03, 5.02294116e-03, 4.63656103e-03,
       5.69910649e-03, 4.58826357e-03, 7.96908978e-03, 3.67061095e-03,
       4.39507375e-03, 8.35546944e-03, 4.49166866e-03, 4.20188345e-03,
       4.29847836e-03, 7.19632907e-03, 2.70466064e-03, 4.97464370e-03,
       2.99444585e-03, 3.81550356e-03, 2.41487566e-03, 3.18763568e-03,
       1.03839654e-02, 3.91209824e-03, 2.70466064e-03, 3.42912343e-03,
       5.74740395e-03, 3.67061095e-03, 6.42356928e-03, 2.48249210e-02,
       2.84955325e-03, 3.47742089e-03, 4.97464370e-03, 1.20260809e-02,
       3.86380102e-03, 7.14803161e-03, 3.57401581e-03, 3.86380102e-03,
       4.82975133e-03, 1.17845926e-02, 3.18763568e-03, 4.44337120e-03,
       4.00869362e-03, 6.37527136e-03, 3.47742089e-03, 5.50591620e-03,
       2.80125579e-03, 2.84955325e-03, 3.52571835e-03, 3.09104077e-03,
       3.42912343e-03, 3.86380102e-03, 7.58270919e-03, 1.40062789e-03,
       1.00941798e-02, 4.97464370e-03, 5.69910649e-03, 4.29847836e-03,
       1.93190051e-03, 3.57401581e-03, 3.86380102e-03, 1.01424777e-03,
       3.33252829e-03, 2.51147058e-03, 8.35546944e-03, 4.10528854e-03,
       3.67061095e-03, 4.92634624e-03, 5.40932128e-03, 3.09104077e-03,
       2.26998306e-03, 1.54552038e-03, 2.22168560e-03, 6.32697390e-03,
       3.28423083e-03, 2.17338814e-03, 3.71890841e-03, 5.60251158e-03,
       8.50036182e-03, 2.60806573e-03, 4.58826357e-03, 1.31852208e-02,
       3.57401581e-03, 5.89229632e-03, 1.08186426e-02, 1.44409565e-02,
       6.23037899e-03, 1.49722293e-03, 8.25887453e-03, 2.65636314e-02,
       3.04274331e-03, 7.09973415e-03, 2.55976804e-03, 3.33252829e-03,
       5.02294116e-03, 4.34677629e-03, 3.18763568e-03, 4.53996612e-03,
       3.62231350e-03, 4.20188345e-03, 6.66505657e-03, 4.15358599e-03,
       2.22168560e-03, 5.31272637e-03, 5.02294116e-03, 4.00869362e-03,
       3.62231350e-03, 3.57401581e-03, 2.26998306e-03, 4.63656103e-03,
       4.05699108e-03, 1.78700790e-03, 4.82975133e-03, 3.91209824e-03,
       3.91209824e-03, 3.71890841e-03, 3.04274331e-03, 5.79570141e-03,
       2.94614816e-03, 5.07123861e-03, 5.79570141e-03, 4.97464370e-03,
       4.63656103e-03, 3.18763568e-03, 4.92634624e-03, 2.55976804e-03,
       5.79570141e-03 ]
