%YAML:1.0
mandawa066: !!opencv-matrix
   rows: 1
   cols: 200
   dt: f
   data: [ 2.31903279e-03, 7.32151791e-03, 2.68345210e-03,
       1.52393582e-03, 1.98774226e-03, 1.01374863e-02, 6.02948526e-03,
       1.17939385e-02, 5.20125916e-03, 6.72519486e-03, 2.65032309e-03,
       2.58406508e-03, 8.94484017e-03, 3.08100064e-03, 7.71906599e-03,
       4.27364605e-03, 3.80983949e-03, 9.77306627e-03, 1.82209711e-03,
       3.31290392e-03, 7.22213043e-03, 1.78896810e-03, 1.82209711e-03,
       1.65645196e-03, 2.84909736e-03, 3.94235551e-03, 2.28590379e-03,
       3.37916194e-03, 3.04787164e-03, 3.33609432e-02, 1.92148425e-02,
       4.30677505e-03, 3.11412965e-03, 1.25890353e-03, 1.88835524e-03,
       2.18651653e-03, 1.85522623e-03, 2.28590379e-03, 3.31290392e-03,
       1.63326170e-02, 4.40616207e-03, 2.78283935e-03, 1.49080681e-03,
       8.91171116e-03, 3.21351690e-03, 2.21301988e-02, 4.20738803e-03,
       1.78896810e-03, 5.43316267e-03, 2.94848462e-03, 1.52393582e-03,
       2.25277478e-03, 3.94235551e-03, 2.71658134e-03, 5.40003320e-03,
       6.09574327e-03, 1.12307444e-02, 5.00248512e-03, 2.94848462e-03,
       4.60493658e-03, 3.01474263e-03, 2.74971034e-03, 1.65645196e-03,
       8.11661500e-03, 5.36690420e-03, 4.14113002e-03, 5.59880771e-03,
       4.86996863e-03, 2.81596836e-03, 4.57180757e-03, 4.10800101e-03,
       2.45154882e-03, 5.16813016e-03, 1.98774226e-03, 3.71045247e-03,
       5.83071075e-03, 2.68345210e-03, 2.48467806e-03, 2.21964554e-03,
       7.45403394e-03, 2.48467806e-03, 7.25525944e-03, 3.37916194e-03,
       2.94848462e-03, 2.15338753e-03, 8.38164706e-03, 3.34603293e-03,
       2.25940049e-02, 3.27977492e-03, 1.45767769e-03, 2.65032309e-03,
       3.64419422e-03, 3.90922651e-03, 2.05400051e-03, 3.74358147e-03,
       2.61719408e-03, 4.30677505e-03, 2.65032309e-03, 1.85522623e-03,
       1.06012924e-02, 4.37303307e-03, 1.95461325e-03, 1.56700350e-02,
       3.64419422e-03, 2.65032309e-03, 2.28590379e-03, 3.04787164e-03,
       3.01474263e-03, 6.95709838e-03, 3.67732346e-03, 2.55093607e-03,
       2.25277478e-03, 3.90922651e-03, 4.60493658e-03, 1.95461325e-03,
       1.06012924e-02, 2.25277478e-03, 6.19513029e-03, 1.72271009e-03,
       5.30064618e-03, 3.04787164e-03, 5.43316267e-03, 5.69819473e-03,
       5.40003320e-03, 9.93871223e-03, 3.57793621e-03, 6.19513029e-03,
       2.74971034e-03, 1.59019395e-03, 4.93622664e-03, 3.08100064e-03,
       7.22213043e-03, 1.82209711e-03, 3.51167819e-03, 3.21351690e-03,
       5.36690420e-03, 4.67119459e-03, 2.88222637e-03, 1.32516155e-03,
       4.73745260e-03, 5.06874314e-03, 2.08712951e-03, 4.43929108e-03,
       3.51167819e-03, 5.76445274e-03, 5.03561413e-03, 2.61719408e-03,
       2.35216180e-03, 2.45154882e-03, 5.20125916e-03, 3.01474263e-03,
       1.81547143e-02, 4.24051704e-03, 2.68345210e-03, 3.31290392e-03,
       2.68345210e-03, 1.88835524e-03, 5.16813016e-03, 2.31240690e-02,
       2.61719408e-03, 5.83071075e-03, 2.41841981e-03, 7.91784003e-03,
       5.69819473e-03, 2.18651653e-03, 2.94848462e-03, 3.61106521e-03,
       2.12025852e-03, 7.61967897e-03, 2.58406508e-03, 2.81596836e-03,
       3.97548452e-03, 2.51780706e-03, 3.97548452e-03, 2.74971034e-03,
       3.45204584e-02, 3.24995890e-02, 1.88835524e-03, 1.65645196e-03,
       2.35216180e-03, 3.51167819e-03, 4.60493658e-03, 3.01474263e-03,
       5.40003320e-03, 8.74606613e-03, 1.45767769e-03, 4.80371062e-03,
       5.69819473e-03, 4.73745260e-03, 2.48467806e-03, 4.37303307e-03,
       2.51780706e-03, 3.27977492e-03, 3.04787164e-03, 3.14725866e-03,
       5.59880771e-03, 3.44542018e-03, 9.24300216e-03, 5.86383976e-03,
       2.55093607e-03 ]
