%YAML:1.0
mandawa-19mar26_3: !!opencv-matrix
   rows: 1
   cols: 200
   dt: f
   data: [ 1.03562558e-03, 1.05633801e-02, 1.30488817e-02,
       3.00331414e-03, 5.17812790e-04, 1.65700086e-03, 1.76056346e-03,
       3.10687651e-03, 1.63628832e-02, 5.59237786e-03, 2.38193874e-03,
       2.69262632e-03, 2.07125116e-03, 2.69262632e-03, 1.03562558e-03,
       1.34631316e-03, 7.35294120e-03, 2.17481353e-03, 1.13918807e-03,
       1.34631316e-03, 1.86412595e-03, 3.52112693e-03, 3.21043911e-03,
       1.65700086e-03, 2.07125116e-03, 2.07125116e-03, 5.48881525e-03,
       9.32062976e-04, 1.65700086e-03, 2.69262632e-03, 5.69594046e-03,
       4.66031488e-03, 1.44987577e-03, 6.11019088e-03, 5.90306567e-03,
       4.97100269e-03, 1.96768856e-03, 4.97100269e-03, 3.21043911e-03,
       2.38193874e-03, 2.17481353e-03, 1.44987577e-03, 1.03562558e-03,
       2.38193874e-03, 1.76056346e-03, 4.03893972e-03, 2.89975153e-03,
       1.14954431e-02, 2.27837614e-03, 1.86412595e-03, 5.69594046e-03,
       5.07456530e-03, 9.63131711e-03, 8.49212985e-03, 5.48881525e-03,
       1.01491306e-02, 1.44987577e-03, 9.63131711e-03, 2.27837614e-03,
       4.55675228e-03, 2.27837614e-03, 2.69262632e-03, 4.02858332e-02,
       5.42667769e-02, 2.16445737e-02, 6.21375302e-03, 2.48550135e-03,
       3.62468930e-03, 1.24275067e-03, 1.55343825e-03, 3.21043911e-03,
       3.72825190e-03, 2.58906395e-03, 7.14581599e-03, 1.65700086e-03,
       9.32062976e-04, 3.00331414e-03, 1.41880699e-02, 2.27837614e-03,
       2.48550135e-03, 4.14250215e-04, 3.41756432e-03, 2.89975153e-03,
       7.04225386e-03, 1.24275067e-03, 2.27837614e-03, 6.31731562e-03,
       7.56006641e-03, 1.65700086e-03, 3.83181451e-03, 9.21706762e-03,
       3.00331414e-03, 3.83181451e-03, 1.55343825e-03, 2.07125116e-03,
       2.89975153e-03, 4.97100269e-03, 2.52692625e-02, 1.34631316e-03,
       1.24275067e-03, 4.76387748e-03, 2.48550135e-03, 1.24275067e-03,
       1.13918807e-03, 8.59569199e-03, 1.86412595e-03, 3.53148319e-02,
       3.31400172e-03, 1.44987577e-03, 1.86412595e-03, 1.86412595e-03,
       8.90637934e-03, 3.83181451e-03, 4.55675228e-03, 1.70878209e-02,
       1.44987577e-03, 2.79618893e-03, 1.76056346e-03, 4.03893972e-03,
       1.24275067e-03, 1.44987577e-03, 4.85708378e-02, 2.79618893e-03,
       7.04225386e-03, 1.57415085e-02, 3.72825190e-03, 1.55343825e-03,
       6.62800344e-03, 1.24275067e-03, 3.41756432e-03, 3.83181451e-03,
       2.17481353e-03, 7.24937860e-03, 2.48550135e-03, 2.58906395e-03,
       1.65700086e-03, 6.73156604e-03, 1.24275067e-03, 5.59237786e-03,
       4.76387748e-03, 2.07125116e-03, 1.76056346e-03, 4.24606493e-03,
       2.06089485e-02, 2.48550135e-03, 5.17812790e-03, 1.44987577e-03,
       1.65700086e-03, 6.42087823e-03, 2.07125116e-03, 3.43827680e-02,
       3.62468930e-03, 1.65700086e-03, 2.79618893e-03, 1.24275067e-03,
       2.69262632e-03, 2.89975153e-03, 1.44987577e-03, 2.69262632e-03,
       6.11019088e-03, 5.28169004e-03, 4.97100269e-03, 1.24275067e-03,
       1.24275067e-03, 1.96768856e-03, 3.72825190e-03, 6.21375337e-04,
       2.58906395e-03, 4.45318967e-03, 1.55343825e-03, 1.96768856e-03,
       1.69842597e-02, 1.40845077e-02, 1.19096935e-02, 2.48550135e-03,
       5.59237786e-03, 1.34631316e-03, 2.38193874e-03, 2.17481353e-03,
       2.27837614e-03, 1.96768856e-03, 3.21043911e-03, 4.24606493e-03,
       9.32062976e-04, 2.38193874e-03, 1.03562558e-03, 1.65700086e-03,
       1.65700086e-03, 8.38856678e-03, 2.17481353e-03, 1.76056346e-03,
       1.55343825e-03, 1.86412595e-03, 6.52444083e-03, 3.21043911e-03,
       1.13918807e-03, 1.96768856e-03, 2.58906395e-03, 2.48550135e-03,
       2.07125116e-03 ]
