%YAML:1.0
mandawa-19mar21_22: !!opencv-matrix
   rows: 1
   cols: 200
   dt: f
   data: [ 2.38699093e-03, 9.77174379e-03, 6.86259894e-03,
       3.28211254e-03, 5.66910347e-03, 4.62479517e-03, 4.62479517e-03,
       5.07235574e-03, 8.80202930e-03, 3.65507975e-03, 3.87886027e-03,
       2.83455173e-03, 9.24959034e-03, 4.84857522e-03, 5.07235574e-03,
       1.64105627e-03, 5.07235574e-03, 2.68536480e-03, 5.44532295e-03,
       4.62479517e-03, 5.74369682e-03, 3.50589305e-03, 4.77398187e-03,
       4.10264079e-03, 4.32642084e-03, 7.60853384e-03, 4.69938852e-03,
       4.10264079e-03, 4.84857522e-03, 4.25182749e-03, 6.34044455e-03,
       9.10040271e-03, 5.29613625e-03, 4.32642084e-03, 6.11666404e-03,
       5.51991630e-03, 2.53617787e-03, 2.38699093e-03, 1.86483667e-03,
       5.14694909e-03, 6.41503837e-03, 4.17723414e-03, 2.75995815e-03,
       5.96747734e-03, 2.68536480e-03, 2.98373867e-03, 3.80426692e-03,
       9.92093142e-03, 7.53394002e-03, 2.98373867e-03, 4.92316857e-03,
       3.43129947e-03, 4.32642084e-03, 8.72743595e-03, 5.89288399e-03,
       8.80202930e-03, 6.71341177e-03, 4.47560800e-03, 3.50589305e-03,
       2.83455173e-03, 6.04207069e-03, 7.23556615e-03, 1.73056833e-02,
       2.28256006e-02, 8.65284167e-03, 2.68536480e-03, 4.40101465e-03,
       9.02580936e-03, 2.75995815e-03, 5.66910347e-03, 4.77398187e-03,
       2.68536480e-03, 2.98373867e-03, 5.96747734e-03, 2.61077145e-03,
       2.38699093e-03, 4.69938852e-03, 8.87662265e-03, 2.90914532e-03,
       3.58048640e-03, 2.31239758e-03, 3.13292560e-03, 4.77398187e-03,
       7.60853384e-03, 3.43129947e-03, 7.16097280e-03, 4.10264079e-03,
       5.74369682e-03, 3.65507975e-03, 6.48963172e-03, 6.48963172e-03,
       3.28211254e-03, 3.87886027e-03, 2.90914532e-03, 2.90914532e-03,
       2.75995815e-03, 5.14694909e-03, 6.56422507e-03, 2.23780400e-03,
       4.25182749e-03, 4.77398187e-03, 4.17723414e-03, 2.16321042e-03,
       2.61077145e-03, 1.16365813e-02, 3.20751918e-03, 1.62613764e-02,
       2.23780400e-03, 3.43129947e-03, 2.23780400e-03, 3.58048640e-03,
       5.14694909e-03, 2.90914532e-03, 5.51991630e-03, 1.11890202e-02,
       2.23780400e-03, 3.87886027e-03, 3.80426692e-03, 5.29613625e-03,
       6.48963172e-03, 3.95345362e-03, 1.40235722e-02, 4.99776239e-03,
       8.95121600e-03, 8.27987492e-03, 6.19125785e-03, 2.01402372e-03,
       5.66910347e-03, 7.08637945e-03, 4.47560800e-03, 6.19125785e-03,
       4.32642084e-03, 5.89288399e-03, 3.20751918e-03, 2.90914532e-03,
       3.72967334e-03, 5.07235574e-03, 4.40101465e-03, 6.11666404e-03,
       5.89288399e-03, 4.10264079e-03, 3.65507975e-03, 4.40101465e-03,
       5.44532295e-03, 2.83455173e-03, 3.72967334e-03, 4.40101465e-03,
       3.50589305e-03, 3.20751918e-03, 5.37072960e-03, 1.81262121e-02,
       5.29613625e-03, 2.98373867e-03, 3.65507975e-03, 3.20751918e-03,
       3.58048640e-03, 3.87886027e-03, 2.61077145e-03, 3.20751918e-03,
       4.77398187e-03, 7.38475332e-03, 3.72967334e-03, 4.17723414e-03,
       3.20751918e-03, 2.61077145e-03, 5.81829064e-03, 2.75995815e-03,
       5.44532295e-03, 4.40101465e-03, 6.78800559e-03, 4.99776239e-03,
       4.92316857e-03, 6.78800559e-03, 7.98150059e-03, 3.58048640e-03,
       4.92316857e-03, 5.37072960e-03, 6.71341177e-03, 4.55020135e-03,
       2.83455173e-03, 2.75995815e-03, 3.95345362e-03, 4.77398187e-03,
       2.61077145e-03, 2.01402372e-03, 3.28211254e-03, 3.72967334e-03,
       3.43129947e-03, 7.23556615e-03, 3.95345362e-03, 4.77398187e-03,
       2.46158428e-03, 4.17723414e-03, 6.19125785e-03, 2.75995815e-03,
       4.10264079e-03, 3.50589305e-03, 3.35670589e-03, 3.87886027e-03,
       3.43129947e-03 ]
