%YAML:1.0
mandawa-19mar19_12: !!opencv-matrix
   rows: 1
   cols: 200
   dt: f
   data: [ 2.39111879e-03, 8.19812156e-03, 4.35525225e-03,
       2.64731003e-03, 2.81810435e-03, 5.03842905e-03, 6.31938549e-03,
       7.25875329e-03, 9.82066616e-03, 4.26985510e-03, 3.75747238e-03,
       4.69684042e-03, 5.12382574e-03, 4.52604610e-03, 4.86763474e-03,
       1.96413323e-03, 5.55081153e-03, 3.07429559e-03, 8.11272487e-03,
       6.49017934e-03, 2.98889843e-03, 4.86763474e-03, 4.86763474e-03,
       4.18445794e-03, 5.72160585e-03, 6.40478265e-03, 4.52604610e-03,
       3.84286954e-03, 3.67207523e-03, 4.61144326e-03, 4.86763474e-03,
       4.95303189e-03, 3.84286954e-03, 4.52604610e-03, 4.86763474e-03,
       3.24508967e-03, 7.77113624e-03, 3.84286954e-03, 4.61144326e-03,
       4.61144326e-03, 5.97779686e-03, 5.38001722e-03, 2.90350150e-03,
       4.09906078e-03, 2.98889843e-03, 5.80700301e-03, 4.61144326e-03,
       1.28949620e-02, 5.80700301e-03, 4.52604610e-03, 4.61144326e-03,
       4.09906078e-03, 2.81810435e-03, 6.06319401e-03, 5.97779686e-03,
       7.08795944e-03, 3.92826647e-03, 7.00256228e-03, 1.19555939e-03,
       4.44064941e-03, 7.68573908e-03, 5.03842905e-03, 1.63962431e-02,
       1.17847994e-02, 5.63620869e-03, 4.52604610e-03, 4.18445794e-03,
       8.11272487e-03, 4.09906078e-03, 4.26985510e-03, 5.20922290e-03,
       2.39111879e-03, 3.50128114e-03, 7.85653293e-03, 2.22032471e-03,
       2.04953039e-03, 4.09906078e-03, 1.28949620e-02, 4.26985510e-03,
       2.56191287e-03, 1.28095644e-03, 1.96413323e-03, 7.85653293e-03,
       7.60034192e-03, 3.24508967e-03, 4.35525225e-03, 2.39111879e-03,
       7.42954761e-03, 3.33048683e-03, 4.35525225e-03, 4.18445794e-03,
       4.61144326e-03, 4.26985510e-03, 2.90350150e-03, 1.28095644e-03,
       2.81810435e-03, 4.52604610e-03, 1.04184458e-02, 2.30572163e-03,
       3.58667830e-03, 3.58667830e-03, 3.75747238e-03, 2.22032471e-03,
       2.22032471e-03, 5.20922290e-03, 4.26985510e-03, 1.10162254e-02,
       4.69684042e-03, 1.53714779e-03, 2.22032471e-03, 2.81810435e-03,
       5.89239970e-03, 3.58667830e-03, 1.19555937e-02, 1.55422725e-02,
       3.41588398e-03, 4.09906078e-03, 5.38001722e-03, 6.74637081e-03,
       8.02732725e-03, 3.33048683e-03, 1.85311697e-02, 4.35525225e-03,
       6.57557650e-03, 4.61144326e-03, 6.31938549e-03, 1.96413323e-03,
       7.34415045e-03, 3.92826647e-03, 3.67207523e-03, 3.50128114e-03,
       4.69684042e-03, 6.31938549e-03, 4.44064941e-03, 3.33048683e-03,
       2.30572163e-03, 5.72160585e-03, 4.95303189e-03, 4.52604610e-03,
       1.16140060e-02, 3.50128114e-03, 2.90350150e-03, 4.95303189e-03,
       6.40478265e-03, 1.36635359e-03, 5.97779686e-03, 5.55081153e-03,
       2.98889843e-03, 3.33048683e-03, 4.95303189e-03, 1.78479943e-02,
       1.16994027e-02, 2.73270719e-03, 2.64731003e-03, 2.98889843e-03,
       4.09906078e-03, 6.14859117e-03, 3.33048683e-03, 3.24508967e-03,
       3.67207523e-03, 9.13748983e-03, 3.67207523e-03, 4.78223758e-03,
       2.56191287e-03, 5.46541438e-03, 4.01366362e-03, 3.07429559e-03,
       7.60034192e-03, 5.38001722e-03, 4.95303189e-03, 5.38001722e-03,
       6.14859117e-03, 5.38001722e-03, 5.29462006e-03, 2.73270719e-03,
       6.91716513e-03, 3.92826647e-03, 6.31938549e-03, 4.78223758e-03,
       3.15969274e-03, 2.04953039e-03, 4.44064941e-03, 4.69684042e-03,
       1.62254483e-03, 3.07429559e-03, 2.39111879e-03, 4.01366362e-03,
       4.78223758e-03, 8.19812156e-03, 2.81810435e-03, 4.44064941e-03,
       1.62254483e-03, 6.14859117e-03, 7.00256228e-03, 1.79333915e-03,
       4.09906078e-03, 2.98889843e-03, 4.44064941e-03, 4.78223758e-03,
       3.50128114e-03 ]
