%YAML:1.0
mandawa-19mar42_3: !!opencv-matrix
   rows: 1
   cols: 200
   dt: f
   data: [ 2.13345583e-03, 8.86204746e-03, 9.48567316e-03,
       3.15095019e-03, 2.39603501e-03, 8.33688863e-03, 6.10496616e-03,
       5.97367622e-03, 4.26691165e-03, 6.33472297e-03, 4.95618209e-03,
       7.05681555e-03, 1.45403221e-02, 3.74175329e-03, 4.59513580e-03,
       3.51199647e-03, 4.66078054e-03, 7.84455333e-03, 2.85554864e-03,
       2.92119337e-03, 7.12246029e-03, 4.10279958e-03, 3.18377255e-03,
       2.65861419e-03, 1.24725117e-03, 1.80523191e-03, 1.14878395e-03,
       6.49883458e-03, 2.72425893e-03, 1.24725113e-02, 2.02842411e-02,
       3.84022063e-03, 4.06997744e-03, 3.67610855e-03, 2.49450235e-03,
       3.11812782e-03, 2.95401574e-03, 2.42885738e-03, 2.49450235e-03,
       1.92667469e-02, 3.18377255e-03, 2.23192293e-03, 3.18377255e-03,
       1.04375221e-02, 2.00216635e-03, 1.98575500e-02, 3.08530545e-03,
       2.92119337e-03, 5.80956461e-03, 1.90369901e-03, 2.13345583e-03,
       3.28223966e-03, 7.05681555e-03, 5.21876104e-03, 3.51199647e-03,
       8.33688863e-03, 1.13237277e-02, 2.10063346e-03, 2.16627819e-03,
       4.46384586e-03, 4.82489262e-03, 3.38070700e-03, 2.29756790e-03,
       2.08094008e-02, 5.84238674e-03, 1.73958705e-03, 4.23408952e-03,
       4.92335949e-03, 3.01966071e-03, 5.61262993e-03, 2.19910056e-03,
       3.54481908e-03, 4.82489262e-03, 2.52732472e-03, 2.98683811e-03,
       1.27679128e-02, 2.75708130e-03, 2.52732472e-03, 2.29756790e-03,
       5.97367622e-03, 2.52732472e-03, 6.66294666e-03, 3.24941729e-03,
       4.29973425e-03, 3.01966071e-03, 1.26366233e-02, 2.52732472e-03,
       1.80851407e-02, 4.16844431e-03, 2.85554864e-03, 2.49450235e-03,
       2.82272627e-03, 2.03498872e-03, 2.59296945e-03, 4.29973425e-03,
       3.44635174e-03, 4.06997744e-03, 3.41352937e-03, 2.10063346e-03,
       1.08313914e-02, 5.84238674e-03, 2.49450235e-03, 8.56664591e-03,
       2.52732472e-03, 2.42885738e-03, 3.08530545e-03, 4.00433270e-03,
       4.20126691e-03, 9.74825211e-03, 2.85554864e-03, 2.59296945e-03,
       1.73958705e-03, 4.10279958e-03, 3.51199647e-03, 3.01966071e-03,
       9.38720535e-03, 3.08530545e-03, 5.08747157e-03, 1.41136313e-03,
       5.41569572e-03, 2.00216635e-03, 4.10279958e-03, 5.21876104e-03,
       3.18377255e-03, 3.97151010e-03, 4.36537899e-03, 4.43102373e-03,
       1.25381555e-02, 1.67394232e-03, 1.08970357e-02, 2.29756790e-03,
       4.89053736e-03, 1.93652150e-03, 3.54481908e-03, 4.16844431e-03,
       6.10496616e-03, 2.13345583e-03, 4.72642528e-03, 2.23192293e-03,
       6.13778830e-03, 4.75924788e-03, 2.29756790e-03, 1.77240954e-03,
       3.41352937e-03, 2.36321264e-03, 4.82489262e-03, 3.54481908e-03,
       2.65861419e-03, 3.74175329e-03, 5.31722838e-03, 2.98683811e-03,
       1.47372568e-02, 1.57547519e-02, 3.11812782e-03, 4.16844431e-03,
       2.78990390e-03, 2.36321264e-03, 1.04375221e-02, 2.05139983e-02,
       4.26691165e-03, 2.33039027e-03, 7.38503970e-03, 9.09180380e-03,
       8.17277748e-03, 3.54481908e-03, 5.38287312e-03, 1.87087664e-03,
       2.00216635e-03, 1.12252599e-02, 2.52732472e-03, 2.56014708e-03,
       3.70893092e-03, 4.06997744e-03, 4.59513580e-03, 3.21659492e-03,
       8.27124435e-03, 1.43105658e-02, 1.93652150e-03, 1.80523191e-03,
       2.46167975e-03, 3.28223966e-03, 1.52295921e-02, 2.00216635e-03,
       4.20126691e-03, 3.64328618e-03, 1.77240954e-03, 4.16844431e-03,
       4.89053736e-03, 3.97151010e-03, 1.11596147e-03, 2.98683811e-03,
       2.59296945e-03, 2.72425893e-03, 2.72425893e-03, 2.56014708e-03,
       4.36537899e-03, 3.21659492e-03, 1.05031673e-02, 5.21876104e-03,
       4.10279958e-03 ]
