%YAML:1.0
mandawa051: !!opencv-matrix
   rows: 1
   cols: 200
   dt: f
   data: [ 1.55969372e-03, 4.15918324e-03, 2.41043582e-03,
       2.31590890e-03, 3.49749508e-03, 3.49749508e-03, 4.30097338e-03,
       1.15795443e-02, 4.44276398e-03, 6.42782869e-03, 3.26117780e-03,
       1.65422063e-03, 2.13158131e-02, 2.64675287e-03, 1.10123828e-02,
       3.07212397e-03, 4.86813486e-03, 4.44276398e-03, 2.03232816e-03,
       4.25371015e-03, 4.91539855e-03, 8.98005441e-04, 1.37063989e-03,
       3.26117780e-03, 3.78107559e-03, 3.54475831e-03, 3.07212397e-03,
       3.54475831e-03, 6.38056500e-03, 3.48331593e-02, 1.43208243e-02,
       4.82087163e-03, 2.17411853e-03, 2.69401632e-03, 2.97759706e-03,
       2.93033361e-03, 1.27611298e-03, 1.60695717e-03, 4.30097338e-03,
       1.10123828e-02, 3.68654868e-03, 2.36317236e-03, 2.17411853e-03,
       7.56215118e-03, 2.41043582e-03, 1.74402110e-02, 4.39550029e-03,
       2.22138199e-03, 6.04972104e-03, 3.16665089e-03, 2.74127978e-03,
       2.55222595e-03, 3.73381213e-03, 2.36317236e-03, 4.39550029e-03,
       3.68654868e-03, 7.18404353e-03, 7.04225339e-03, 3.11938743e-03,
       8.08204897e-03, 3.11938743e-03, 6.04972104e-03, 2.45769927e-03,
       8.79100058e-03, 3.63928522e-03, 4.39550029e-03, 8.88552796e-03,
       3.87560250e-03, 3.49749508e-03, 4.49002720e-03, 4.30097338e-03,
       2.59948941e-03, 3.97012942e-03, 5.95519412e-03, 6.61688251e-03,
       4.77360794e-03, 2.41043582e-03, 3.02486052e-03, 2.97759706e-03,
       7.56215118e-03, 4.44276398e-03, 5.34076942e-03, 2.45769927e-03,
       4.01739310e-03, 2.55222595e-03, 7.94025883e-03, 5.67161338e-03,
       8.50742031e-03, 1.32337643e-03, 7.37309735e-03, 7.37309735e-03,
       5.29350573e-03, 4.01739310e-03, 1.79601088e-03, 5.00992546e-03,
       2.36317236e-03, 4.91539855e-03, 2.17411853e-03, 1.74874754e-03,
       9.64174327e-03, 3.35570471e-03, 1.60695717e-03, 1.76765285e-02,
       4.67908103e-03, 2.03232816e-03, 1.46516680e-03, 1.74874754e-03,
       9.83079709e-03, 4.53729089e-03, 3.40296817e-03, 5.05718868e-03,
       3.63928522e-03, 3.11938743e-03, 3.97012942e-03, 7.37309735e-03,
       5.29350573e-03, 2.83580669e-03, 4.30097338e-03, 1.37063989e-03,
       4.15918324e-03, 7.60941487e-03, 2.26864545e-03, 5.48255956e-03,
       7.04225339e-03, 1.67312603e-02, 4.91539855e-03, 2.26864545e-03,
       4.67908103e-03, 1.37063989e-03, 4.49002720e-03, 3.45023163e-03,
       6.80593634e-03, 2.17411853e-03, 2.97759706e-03, 2.50496273e-03,
       3.92286619e-03, 5.19897882e-03, 2.26864545e-03, 7.56215130e-04,
       5.10445191e-03, 2.55222595e-03, 2.59948941e-03, 4.34823707e-03,
       3.73381213e-03, 5.05718868e-03, 4.06465633e-03, 2.55222595e-03,
       3.73381213e-03, 3.02486052e-03, 6.14424795e-03, 2.26864545e-03,
       2.15521306e-02, 2.36317236e-03, 6.52235560e-03, 2.31590890e-03,
       2.55222595e-03, 2.17411853e-03, 9.12184455e-03, 2.69874278e-02,
       3.35570471e-03, 6.71140943e-03, 4.25371015e-03, 9.26363561e-03,
       4.25371015e-03, 2.12685508e-03, 2.45769927e-03, 3.35570471e-03,
       2.12685508e-03, 6.85319956e-03, 1.93780125e-03, 5.86066721e-03,
       4.25371015e-03, 2.26864545e-03, 1.46516680e-03, 2.36317236e-03,
       2.27337182e-02, 1.42735606e-02, 2.17411853e-03, 1.93780125e-03,
       2.78854324e-03, 3.07212397e-03, 3.21391434e-03, 2.83580669e-03,
       5.29350573e-03, 1.05870115e-02, 1.89053779e-03, 3.35570471e-03,
       5.10445191e-03, 7.65667809e-03, 3.02486052e-03, 1.08233290e-02,
       2.69401632e-03, 3.40296817e-03, 2.36317236e-03, 5.34076942e-03,
       4.15918324e-03, 3.02486052e-03, 1.00671137e-02, 5.90793090e-03,
       2.03232816e-03 ]
