%YAML:1.0
mandawa051: !!opencv-matrix
   rows: 1
   cols: 200
   dt: f
   data: [ 4.25371015e-03, 1.93780125e-03, 1.89053779e-03,
       1.28083937e-02, 4.86813486e-03, 2.59948941e-03, 4.58455412e-03,
       2.88307015e-03, 3.87560250e-03, 2.97759706e-03, 2.50496273e-03,
       4.49002720e-03, 1.21939685e-02, 2.45769927e-03, 3.63928522e-03,
       6.90046325e-03, 2.17411853e-03, 7.65667809e-03, 4.82087163e-03,
       6.99499017e-03, 5.00992546e-03, 2.17411853e-03, 3.26117780e-03,
       1.74874754e-03, 5.81340399e-03, 5.62435016e-03, 2.93033361e-03,
       6.38056500e-03, 9.45268944e-03, 1.79601088e-03, 3.73381213e-03,
       4.86813486e-03, 4.25371015e-03, 2.93033361e-03, 1.74874754e-03,
       2.03232816e-03, 2.27809809e-02, 9.92532354e-04, 1.32337643e-03,
       4.49002720e-03, 3.30844126e-03, 2.12685508e-03, 3.11938743e-03,
       4.63181781e-03, 3.97012942e-03, 2.41043582e-03, 7.46762427e-03,
       8.46015662e-03, 6.38056500e-03, 1.55969372e-03, 7.08951661e-03,
       9.45268897e-04, 1.81018990e-02, 4.82087163e-03, 2.12685508e-03,
       2.36317236e-03, 5.00992546e-03, 3.11938743e-03, 6.28603809e-03,
       1.70148409e-03, 7.60941487e-03, 2.83580669e-03, 9.21637192e-03,
       2.05595996e-02, 4.78306077e-02, 3.87560250e-03, 2.22138199e-03,
       1.28083937e-02, 1.89053779e-03, 4.77360794e-03, 2.69401632e-03,
       8.12931266e-03, 3.82833905e-03, 2.50496273e-03, 5.62435016e-03,
       6.23877486e-03, 3.49749508e-03, 3.26117780e-03, 2.12685508e-03,
       6.14424795e-03, 5.15171560e-03, 9.83079709e-03, 2.69401632e-03,
       1.13432272e-03, 6.28603809e-03, 5.10445191e-03, 2.93033361e-03,
       2.03232816e-03, 4.06465633e-03, 1.39899803e-02, 3.07212397e-03,
       2.36317236e-03, 1.60695717e-03, 2.64675287e-03, 4.30097338e-03,
       2.41043582e-03, 3.30844126e-03, 2.97759706e-03, 1.65422063e-03,
       4.86813486e-03, 4.82087163e-03, 2.26864545e-03, 1.00671137e-02,
       1.89053779e-03, 1.93780120e-02, 6.47509191e-03, 8.50742031e-03,
       8.98005441e-04, 2.50496273e-03, 4.53729089e-03, 2.55222595e-03,
       1.89053779e-03, 2.78854324e-03, 8.93279165e-03, 4.72634472e-03,
       2.83580669e-03, 1.01616411e-02, 1.79601088e-03, 5.71887707e-03,
       1.78655833e-02, 6.71140943e-03, 1.74402110e-02, 3.30844126e-03,
       4.58455412e-03, 2.07959162e-03, 1.79601088e-03, 1.74874754e-03,
       2.17411853e-03, 2.93033361e-03, 1.89053779e-03, 4.91539855e-03,
       2.41043582e-03, 5.05718868e-03, 2.22138199e-03, 2.26864545e-03,
       4.34823707e-03, 2.03232816e-03, 2.03232816e-03, 3.16665089e-03,
       1.96143296e-02, 5.15171560e-03, 4.15918324e-03, 2.97759706e-03,
       3.07212397e-03, 4.86813486e-03, 3.26117780e-03, 1.98506471e-03,
       1.37063989e-03, 7.94025883e-03, 3.45023163e-03, 4.91539855e-03,
       8.50742031e-03, 6.61688251e-03, 5.95519412e-03, 6.38056500e-03,
       7.56215130e-04, 3.26117780e-03, 7.08951661e-03, 2.07959162e-03,
       2.22138199e-03, 1.89053779e-03, 1.51243026e-03, 7.60941487e-03,
       4.96266177e-03, 4.49002720e-03, 1.13432268e-02, 2.36317236e-03,
       5.52982325e-03, 4.86813486e-03, 1.98506471e-03, 3.87560250e-03,
       1.70148409e-03, 5.19897882e-03, 2.31590890e-03, 1.20521784e-02,
       3.30844126e-03, 4.96266177e-03, 2.83580669e-03, 6.09698426e-03,
       3.16665089e-03, 5.90793090e-03, 1.89053779e-03, 5.71887707e-03,
       6.19151117e-03, 3.21391434e-03, 3.59202176e-03, 3.97012942e-03,
       5.05718868e-03, 6.09698426e-03, 2.74127978e-03, 2.93033361e-03,
       5.38803264e-03, 2.45769927e-03, 2.31590890e-03, 3.07212397e-03,
       4.63181781e-03, 5.00992546e-03, 2.50496273e-03, 4.58455412e-03,
       6.33330178e-03 ]
