%YAML:1.0
mandawa-19mar16: !!opencv-matrix
   rows: 1
   cols: 200
   dt: f
   data: [ 1.93670043e-03, 4.38305875e-03, 1.26650017e-02,
       3.05794808e-03, 4.48499061e-03, 3.61857191e-03, 4.43402492e-03,
       2.80311913e-03, 3.08343093e-03, 6.16686186e-03, 6.65103737e-03,
       1.09576469e-03, 4.12822980e-03, 2.93053361e-03, 2.39539263e-03,
       1.80928595e-03, 1.03460578e-02, 4.79078526e-03, 4.00081556e-03,
       4.07726411e-03, 2.72667035e-03, 4.81626811e-03, 4.05178126e-03,
       2.82860198e-03, 4.48499061e-03, 3.51664028e-03, 1.73283729e-03,
       3.61857191e-03, 1.83476892e-03, 4.10274696e-03, 2.36990978e-03,
       4.76530241e-03, 6.47265697e-03, 3.59308906e-03, 3.31277703e-03,
       5.63172111e-03, 4.63788817e-03, 4.68885386e-03, 4.02629841e-03,
       2.29346100e-03, 5.24947746e-03, 6.31975941e-03, 3.00698238e-03,
       3.89888394e-03, 2.87956791e-03, 1.83476892e-03, 2.87956791e-03,
       9.04642977e-03, 3.18536256e-03, 5.88655006e-03, 4.07726411e-03,
       4.10274696e-03, 5.68268681e-03, 4.17919597e-03, 9.09739546e-03,
       1.78380311e-03, 3.23632848e-03, 6.52362267e-03, 1.70735433e-03,
       7.87421688e-03, 1.86025177e-03, 5.45334071e-03, 3.43254693e-02,
       3.36629115e-02, 1.58758480e-02, 1.39391469e-02, 3.69502068e-03,
       2.19152938e-03, 6.31975941e-03, 2.52280710e-03, 4.71433671e-03,
       3.44019174e-03, 4.33209306e-03, 5.02013136e-03, 3.33826011e-03,
       3.61857191e-03, 3.36374296e-03, 4.17919597e-03, 5.45334071e-03,
       6.49813982e-03, 1.83476892e-03, 4.96916566e-03, 3.03246523e-03,
       3.05794808e-03, 4.10274696e-03, 2.62473873e-03, 2.62473873e-03,
       3.05794808e-03, 1.93670043e-03, 1.68187148e-03, 1.28178988e-02,
       4.63788817e-03, 7.26262666e-03, 3.08343093e-03, 2.39539263e-03,
       5.68268681e-03, 6.54910551e-03, 7.08424626e-03, 2.52280710e-03,
       3.26181133e-03, 1.88573473e-03, 7.72131886e-03, 1.75832014e-03,
       2.01314921e-03, 3.77146946e-03, 5.02013136e-03, 1.63855050e-02,
       3.21084564e-03, 5.24947746e-03, 3.28729418e-03, 3.44019174e-03,
       1.58503652e-02, 1.01421950e-02, 4.68885386e-03, 2.87956791e-03,
       3.26181133e-03, 5.32592647e-03, 4.45950776e-03, 3.15987971e-03,
       4.61240532e-03, 3.44019174e-03, 3.38158086e-02, 4.91819996e-03,
       1.47800823e-03, 1.33020747e-02, 2.87956791e-03, 7.28810951e-03,
       2.90505076e-03, 4.45950776e-03, 4.51047346e-03, 2.93053361e-03,
       7.54293893e-03, 1.68187148e-03, 7.16069527e-03, 2.52280710e-03,
       3.08343093e-03, 4.35757590e-03, 6.39620796e-03, 1.22317928e-03,
       6.62555406e-03, 4.00081556e-03, 2.19152938e-03, 8.48580617e-03,
       5.65720396e-03, 3.51664028e-03, 6.21782802e-03, 4.40854207e-03,
       2.16604653e-03, 2.47184141e-03, 3.66953784e-03, 2.87956791e-03,
       4.79078526e-03, 2.87956791e-03, 3.15987971e-03, 4.23016166e-03,
       3.33826011e-03, 7.23714381e-03, 4.33209306e-03, 3.05794808e-03,
       6.06493047e-03, 4.15371265e-03, 4.94368281e-03, 4.30661021e-03,
       6.49813982e-03, 2.36990978e-03, 1.12124765e-03, 3.33826011e-03,
       3.94984987e-03, 6.88038347e-03, 4.84175142e-03, 3.08343093e-03,
       3.26181133e-03, 9.40319058e-03, 1.04989549e-02, 5.88655006e-03,
       3.77146946e-03, 3.66953784e-03, 5.47882356e-03, 5.19851176e-03,
       2.98149954e-03, 3.00698238e-03, 7.82325026e-03, 3.00698238e-03,
       2.39539263e-03, 1.91121758e-03, 6.80393446e-03, 4.02629841e-03,
       2.98149954e-03, 2.49732425e-03, 5.93751576e-03, 3.36374296e-03,
       3.03246523e-03, 3.82243516e-03, 5.93751576e-03, 9.65801906e-03,
       6.11589616e-03, 3.18536256e-03, 4.12822980e-03, 2.06411490e-03,
       2.42087571e-03 ]
