%YAML:1.0
mandawa-19mar19_21: !!opencv-matrix
   rows: 1
   cols: 200
   dt: f
   data: [ 3.62391793e-03, 4.07690788e-03, 1.18783973e-02,
       4.98288730e-03, 4.68089385e-03, 2.86893500e-03, 6.89551048e-03,
       4.63056192e-03, 4.37890086e-03, 4.47956519e-03, 3.22126038e-03,
       2.51660962e-03, 6.44252077e-03, 2.36561312e-03, 3.07026389e-03,
       2.31528096e-03, 8.90879799e-03, 1.04690958e-02, 3.42258904e-03,
       3.27159255e-03, 3.07026389e-03, 3.72458226e-03, 3.92591115e-03,
       2.56694178e-03, 6.19085971e-03, 7.70082558e-03, 2.81860284e-03,
       1.86229113e-03, 1.76162680e-03, 2.66760634e-03, 4.02657548e-03,
       7.65049364e-03, 3.72458226e-03, 5.18421596e-03, 2.91926716e-03,
       4.93255490e-03, 3.32192471e-03, 5.58687327e-03, 1.96295558e-03,
       4.07690788e-03, 3.62391793e-03, 2.11395207e-03, 2.56694178e-03,
       3.22126038e-03, 3.01993173e-03, 3.01993173e-03, 6.59351749e-03,
       1.67102888e-02, 3.47292144e-03, 2.71793851e-03, 9.21079144e-03,
       3.87557899e-03, 1.39923496e-02, 9.86510981e-03, 5.23454789e-03,
       3.37225688e-03, 3.72458226e-03, 5.98953106e-03, 2.06361990e-03,
       4.07690788e-03, 4.83189058e-03, 2.61727395e-03, 3.02496478e-02,
       2.02335417e-02, 1.82202533e-02, 1.57036446e-02, 3.72458226e-03,
       1.61063019e-03, 1.86229113e-03, 4.02657548e-03, 2.81860284e-03,
       7.90215470e-03, 5.98953106e-03, 5.68753807e-03, 4.22790414e-03,
       2.21461663e-03, 7.65049364e-03, 5.48620895e-03, 2.56694178e-03,
       2.51660962e-03, 2.26494879e-03, 8.15381575e-03, 3.17092822e-03,
       4.78155818e-03, 2.16428423e-03, 4.88222297e-03, 4.07690788e-03,
       3.42258904e-03, 1.96295558e-03, 5.08355163e-03, 1.31870350e-02,
       3.62391793e-03, 2.76827067e-03, 2.81860284e-03, 3.72458226e-03,
       4.93255490e-03, 5.78820240e-03, 9.61344875e-03, 2.16428423e-03,
       4.42923326e-03, 5.33521269e-03, 3.67425010e-03, 4.68089385e-03,
       1.71129452e-03, 9.46245249e-03, 3.01993173e-03, 1.20797269e-02,
       1.15764048e-03, 4.07690788e-03, 3.67425010e-03, 2.31528096e-03,
       9.51278489e-03, 5.93919866e-03, 3.12059605e-03, 6.09019538e-03,
       2.71793851e-03, 1.07710892e-02, 3.07026389e-03, 5.18421596e-03,
       2.26494879e-03, 3.92591115e-03, 3.12562920e-02, 5.38554462e-03,
       4.83189058e-03, 8.60680547e-03, 3.22126038e-03, 5.08355163e-03,
       4.22790414e-03, 2.61727395e-03, 5.13388356e-03, 2.36561312e-03,
       3.82524682e-03, 5.23454789e-03, 3.47292144e-03, 1.76162680e-03,
       2.71793851e-03, 4.63056192e-03, 2.51660962e-03, 2.16428423e-03,
       1.17777335e-02, 2.91926716e-03, 3.92591115e-03, 3.82524682e-03,
       9.11012664e-03, 5.18421596e-03, 4.37890086e-03, 3.01993173e-03,
       1.71129452e-03, 7.04650721e-03, 3.47292144e-03, 4.88222297e-03,
       3.07026389e-03, 4.17757221e-03, 6.03986345e-03, 1.66096236e-03,
       4.07690788e-03, 5.23454789e-03, 2.81860284e-03, 2.31528096e-03,
       5.98953106e-03, 5.33521269e-03, 5.08355163e-03, 2.86893500e-03,
       3.01993173e-03, 4.12723981e-03, 5.08355163e-03, 1.86229113e-03,
       4.83189058e-03, 6.29152404e-03, 4.73122625e-03, 4.88222297e-03,
       4.27823653e-03, 1.39923496e-02, 9.76444595e-03, 2.96959933e-03,
       2.36561312e-03, 2.76827067e-03, 4.17757221e-03, 3.17092822e-03,
       3.17092822e-03, 3.52325360e-03, 3.82524682e-03, 3.92591115e-03,
       3.87557899e-03, 2.96959933e-03, 2.61727395e-03, 3.42258904e-03,
       2.41594529e-03, 4.52989759e-03, 3.47292144e-03, 2.61727395e-03,
       4.27823653e-03, 3.37225688e-03, 5.13388356e-03, 7.19750347e-03,
       2.61727395e-03, 5.33521269e-03, 2.26494879e-03, 3.17092822e-03,
       5.38554462e-03 ]
