%YAML:1.0
mandawa-19mar37: !!opencv-matrix
   rows: 1
   cols: 200
   dt: f
   data: [ 1.98824354e-03, 8.23392160e-03, 5.01383143e-03,
       5.22994483e-03, 1.94502075e-03, 3.60909407e-03, 8.40681233e-03,
       7.32624484e-03, 5.92150772e-03, 4.73288400e-03, 3.56587139e-03,
       6.95885206e-03, 7.45591288e-03, 3.00397654e-03, 5.70539432e-03,
       6.39695721e-03, 3.28492397e-03, 8.01780820e-03, 3.24170128e-03,
       4.40871390e-03, 1.19510721e-02, 3.89004149e-03, 3.06881056e-03,
       1.31829188e-03, 6.07278710e-03, 4.38710256e-03, 3.09042190e-03,
       7.02368608e-03, 3.04719922e-03, 1.76996887e-02, 2.67764535e-02,
       7.21818814e-03, 2.98236520e-03, 2.91753118e-03, 3.76037345e-03,
       2.13952293e-03, 3.78198479e-03, 4.08454379e-03, 1.92340941e-03,
       2.39669792e-02, 3.17686726e-03, 3.56587139e-03, 5.98634174e-03,
       6.31051185e-03, 2.29080231e-03, 2.05956083e-02, 3.80359613e-03,
       3.19847860e-03, 3.65231675e-03, 9.50899033e-04, 7.78008311e-04,
       3.24170128e-03, 7.00207474e-03, 3.32814665e-03, 3.15525592e-03,
       8.01780820e-03, 9.09837522e-03, 4.40871390e-03, 6.91562949e-04,
       3.93326441e-03, 4.58160462e-03, 3.71715077e-03, 6.20245514e-03,
       8.19069892e-03, 2.13952293e-03, 4.32226853e-03, 4.17098915e-03,
       4.88416338e-03, 2.37724767e-03, 8.01780820e-03, 3.02558788e-03,
       7.11013144e-03, 4.34387987e-03, 2.91753118e-03, 3.04719922e-03,
       6.15923246e-03, 2.72302912e-03, 5.33800153e-03, 1.72890734e-03,
       7.97458552e-03, 7.75847165e-03, 5.53250359e-03, 3.69553943e-03,
       2.09630025e-03, 1.57762796e-03, 6.31051185e-03, 1.64246198e-03,
       2.16545649e-02, 4.62482730e-03, 2.03146623e-03, 3.19847860e-03,
       2.93914252e-03, 3.56587139e-03, 2.78786314e-03, 5.74861700e-03,
       2.46369303e-03, 3.63070541e-03, 1.31829188e-03, 4.08454379e-03,
       6.20245514e-03, 5.07866545e-03, 3.22008994e-03, 8.92548449e-03,
       5.03544277e-03, 3.39298067e-03, 2.46369303e-03, 2.89591984e-03,
       3.37136933e-03, 4.08454379e-03, 2.67980644e-03, 3.00397654e-03,
       1.14540115e-03, 2.46369303e-03, 3.56587139e-03, 3.30653531e-03,
       9.31448862e-03, 5.10027679e-03, 5.14349947e-03, 9.72510374e-04,
       1.43283196e-02, 1.79374136e-03, 3.17686726e-03, 4.38710256e-03,
       3.65231675e-03, 1.44795992e-03, 4.32226853e-03, 5.05705411e-03,
       9.91960615e-03, 1.14540115e-03, 4.36549122e-03, 3.45781469e-03,
       4.90577472e-03, 4.49515926e-03, 9.16320924e-03, 3.60909407e-03,
       4.47354792e-03, 4.17098915e-03, 4.01970977e-03, 2.46369303e-03,
       7.19657680e-03, 2.98236520e-03, 1.44795992e-03, 5.46766957e-03,
       3.84681881e-03, 6.72112731e-03, 4.34387987e-03, 4.86255204e-03,
       1.23184652e-03, 3.52264871e-03, 6.46179123e-03, 2.46369303e-03,
       1.20807402e-02, 8.36358964e-03, 2.72302912e-03, 3.22008994e-03,
       1.79374136e-03, 1.49118260e-03, 7.65041495e-03, 1.42418742e-02,
       4.55999328e-03, 4.73288400e-03, 4.10615513e-03, 4.25743451e-03,
       6.26728917e-03, 6.02956442e-03, 4.45193658e-03, 5.42444689e-03,
       1.53440528e-03, 5.66217164e-03, 1.83696405e-03, 2.13952293e-03,
       9.63865872e-03, 5.22994483e-03, 3.93326441e-03, 3.78198479e-03,
       1.33990322e-03, 2.23461278e-02, 1.29668054e-03, 6.05117588e-04,
       5.18672215e-03, 2.24757963e-03, 6.72112731e-03, 2.96075386e-03,
       6.61307061e-03, 5.77022834e-03, 1.44795992e-03, 2.91753118e-03,
       3.28492397e-03, 3.82520747e-03, 3.63070541e-03, 1.38744814e-02,
       2.31241365e-03, 3.76037345e-03, 3.47942603e-03, 8.01780820e-03,
       5.14349947e-03, 3.19847860e-03, 6.18084380e-03, 5.03544277e-03,
       5.01383143e-03 ]
