%YAML:1.0
mandawa049: !!opencv-matrix
   rows: 1
   cols: 200
   dt: f
   data: [ 5.53417625e-03, 4.36137058e-03, 7.29338452e-03,
       5.20432461e-03, 1.08484514e-02, 4.21477016e-03, 1.34139638e-02,
       7.03683309e-03, 3.07861459e-03, 3.15191504e-03, 7.65988650e-03,
       5.46087604e-03, 3.26186535e-03, 1.00787980e-02, 3.14092003e-02,
       2.89536361e-03, 1.72255817e-03, 3.26186535e-03, 2.49221176e-03,
       4.94777365e-03, 4.21477016e-03, 3.66501743e-03, 3.55506688e-03,
       3.92156839e-03, 5.97397843e-03, 3.84826818e-03, 5.27762482e-03,
       6.26717974e-03, 4.03151894e-03, 1.72255817e-03, 4.98442352e-03,
       4.32472071e-03, 6.04727864e-03, 4.36137058e-03, 2.82206340e-03,
       8.90599191e-03, 4.32472071e-03, 2.34561111e-03, 3.48176644e-03,
       3.92156839e-03, 4.47132112e-03, 4.87447297e-03, 2.78541329e-03,
       4.32472071e-03, 4.17811982e-03, 3.04196449e-03, 3.62836709e-03,
       3.88491829e-03, 4.43467079e-03, 4.72787255e-03, 6.78028213e-03,
       4.21477016e-03, 2.45556165e-03, 3.18856514e-03, 1.78486351e-02,
       6.85358234e-03, 3.11526470e-03, 2.32362095e-02, 4.76452243e-03,
       9.67564620e-03, 6.41378015e-03, 4.06816928e-03, 5.35092549e-03,
       3.40846623e-03, 3.92156839e-03, 2.41891155e-03, 6.08392898e-03,
       3.48176644e-03, 3.07861459e-03, 3.81161808e-03, 3.88491829e-03,
       5.02107386e-03, 4.80117276e-03, 4.39802092e-03, 5.60747646e-03,
       3.88491829e-03, 4.39802092e-03, 3.99486907e-03, 4.47132112e-03,
       3.40846623e-03, 4.32472071e-03, 3.70166753e-03, 6.67033158e-03,
       5.27762482e-03, 5.20432461e-03, 4.65457188e-03, 5.02107386e-03,
       3.48176644e-03, 8.42954032e-03, 2.67546275e-03, 3.66501743e-03,
       6.85358234e-03, 3.77496798e-03, 4.50797146e-03, 1.05919000e-02,
       3.18856514e-03, 4.32472071e-03, 3.62836709e-03, 1.63093265e-02,
       2.05240981e-03, 3.88491829e-03, 3.70166753e-03, 1.09217521e-02,
       3.26186535e-03, 4.91112331e-03, 3.11526470e-03, 8.79604183e-03,
       4.03151894e-03, 3.55506688e-03, 3.22521525e-03, 7.18343398e-03,
       2.38226121e-03, 4.50797146e-03, 4.14146949e-03, 5.79072721e-03,
       5.05772373e-03, 4.06816928e-03, 4.76452243e-03, 2.38226121e-03,
       3.37181590e-03, 3.84826818e-03, 4.76452243e-03, 5.27762482e-03,
       3.84826818e-03, 4.58127167e-03, 3.81161808e-03, 2.56551220e-03,
       6.04727864e-03, 6.59703137e-03, 1.39637161e-02, 5.71742700e-03,
       5.27762482e-03, 3.92156839e-03, 3.95821873e-03, 3.22521525e-03,
       4.47132112e-03, 2.67546275e-03, 6.45043049e-03, 5.71742700e-03,
       6.01062831e-03, 2.23566056e-03, 2.52886186e-03, 1.25710098e-02,
       5.86402789e-03, 5.24097495e-03, 3.07861459e-03, 2.45556165e-03,
       2.08905991e-03, 7.80648692e-03, 5.09437406e-03, 4.32472071e-03,
       3.88491829e-03, 6.85358234e-03, 2.56551220e-03, 3.33516579e-03,
       3.70166753e-03, 3.33516579e-03, 2.85871350e-03, 6.67033158e-03,
       3.00531415e-03, 4.54462133e-03, 5.49752591e-03, 3.44511634e-03,
       3.73831764e-03, 4.36137058e-03, 3.99486907e-03, 3.95821873e-03,
       5.38757537e-03, 4.32472071e-03, 3.95821873e-03, 3.44511634e-03,
       3.55506688e-03, 5.16767427e-03, 4.87447297e-03, 5.31427516e-03,
       3.99486907e-03, 3.37181590e-03, 2.19901046e-03, 4.72787255e-03,
       5.09437406e-03, 3.77496798e-03, 3.44511634e-03, 3.26186535e-03,
       6.41378015e-03, 3.99486907e-03, 4.17811982e-03, 4.32472071e-03,
       3.77496798e-03, 4.61792201e-03, 7.07348343e-03, 2.71211285e-03,
       5.09437406e-03, 5.57082659e-03, 6.63368125e-03, 3.55506688e-03,
       2.67546275e-03, 6.19387953e-03, 2.38226121e-03, 4.83782310e-03,
       3.18856514e-03 ]
