%YAML:1.0
mandawa-19mar27_3: !!opencv-matrix
   rows: 1
   cols: 200
   dt: f
   data: [ 4.57235053e-03, 3.09306057e-03, 8.06885399e-03,
       1.34480896e-03, 2.42065615e-03, 2.95857969e-03, 3.89994611e-03,
       6.32060226e-03, 4.70683165e-03, 5.37923584e-03, 6.18612114e-03,
       1.15653574e-02, 3.41581479e-02, 6.72404515e-03, 1.74825173e-03,
       2.55513703e-03, 2.28617527e-03, 2.50134468e-02, 2.68961792e-03,
       1.47928984e-03, 3.60408798e-02, 9.41366307e-04, 3.09306057e-03,
       2.95857969e-03, 6.45508338e-03, 6.72404515e-03, 5.64819761e-03,
       2.01721350e-03, 2.01721350e-03, 7.26196868e-03, 1.15653574e-02,
       1.74825173e-03, 6.05164049e-03, 1.88273261e-03, 3.76546523e-03,
       1.47928984e-03, 1.74825173e-03, 2.68961798e-04, 3.89994611e-03,
       9.68262460e-03, 7.39644933e-03, 4.84131230e-03, 2.28617527e-03,
       2.42065615e-03, 1.34480896e-03, 3.49650346e-03, 5.91715937e-03,
       3.36202257e-03, 2.15169438e-03, 9.01021995e-03, 2.82409880e-03,
       2.01721350e-03, 2.01721350e-03, 5.11027407e-03, 2.28617527e-03,
       2.28617527e-03, 4.30338876e-03, 5.37923584e-03, 9.41366330e-03,
       2.28617527e-03, 2.42065615e-03, 8.06885422e-04, 1.34480896e-03,
       9.54814348e-03, 1.03550293e-02, 2.15169438e-03, 1.88273261e-03,
       2.01721350e-03, 2.82409880e-03, 6.45508338e-03, 7.12748757e-03,
       1.47928984e-03, 1.88273261e-03, 2.28617527e-03, 2.01721350e-03,
       3.89994611e-03, 5.37923584e-03, 5.37923584e-03, 3.09306057e-03,
       2.95857969e-03, 9.41366330e-03, 1.47928987e-02, 1.47928984e-03,
       1.61377084e-03, 9.54814348e-03, 1.74825173e-03, 3.89994611e-03,
       2.95857969e-03, 3.09306057e-03, 6.72404480e-04, 1.74825173e-03,
       2.55513703e-03, 1.74825173e-03, 3.89994611e-03, 3.09306057e-03,
       1.08929528e-02, 5.51371695e-03, 2.55513703e-03, 3.36202257e-03,
       2.55513703e-03, 2.82409880e-03, 2.82409880e-03, 2.93168351e-02,
       2.82409880e-03, 2.82409880e-03, 1.74825173e-03, 7.79989222e-03,
       1.61377084e-03, 7.12748757e-03, 3.36202257e-03, 2.55513703e-03,
       4.16890765e-03, 6.18612114e-03, 2.55513703e-03, 1.88273261e-03,
       3.09306057e-03, 6.72404480e-04, 3.22754169e-03, 4.16890765e-03,
       5.24475519e-03, 2.68961798e-04, 4.57235053e-03, 1.74825173e-03,
       6.58956403e-03, 0., 4.84131230e-03, 4.57235053e-03,
       3.32167819e-02, 6.58956403e-03, 2.42065615e-03, 1.61377084e-03,
       2.42065615e-03, 2.15169438e-03, 2.42065615e-03, 4.43786988e-03,
       2.28617527e-03, 4.03442699e-03, 6.32060226e-03, 5.78267872e-03,
       3.09306057e-03, 1.74825173e-03, 1.34480896e-03, 7.66541110e-03,
       3.09306057e-03, 2.82409880e-03, 1.21032808e-03, 1.61377084e-03,
       2.55513703e-03, 2.01721350e-03, 2.42065615e-03, 4.97579342e-03,
       5.37923584e-03, 4.03442699e-03, 2.28617527e-03, 1.37170516e-02,
       8.33781529e-03, 2.01721350e-03, 4.11511548e-02, 1.18343187e-02,
       3.76546523e-03, 6.32060226e-03, 9.68262460e-03, 2.23238301e-02,
       3.09306057e-03, 1.34480896e-03, 2.01721350e-03, 6.58956403e-03,
       6.99300691e-03, 2.82409880e-03, 1.47928984e-03, 3.09306057e-03,
       2.55513703e-03, 2.15169438e-03, 3.36202257e-03, 4.84131230e-03,
       2.68961798e-04, 3.49650346e-03, 3.09306057e-03, 4.16890765e-03,
       6.05164049e-03, 1.00860670e-02, 2.15169438e-03, 6.45508338e-03,
       2.95857969e-03, 3.76546523e-03, 6.72404515e-03, 1.21032808e-03,
       3.89994611e-03, 3.49650346e-03, 6.18612114e-03, 9.54814348e-03,
       3.49650346e-03, 4.16890765e-03, 5.64819761e-03, 4.84131230e-03,
       4.70683165e-03, 2.01721350e-03, 3.09306057e-03, 2.42065615e-03,
       2.95857969e-03 ]
