%YAML:1.0
mandawa-19mar33_22: !!opencv-matrix
   rows: 1
   cols: 200
   dt: f
   data: [ 4.17595962e-03, 4.55559231e-03, 3.03706154e-03,
       4.08105133e-03, 2.75233714e-03, 3.84378107e-03, 1.27651496e-02,
       2.32525030e-03, 3.22687789e-03, 4.17595962e-03, 1.02026286e-02,
       2.23034201e-03, 7.45029142e-03, 3.13196983e-03, 2.14967020e-02,
       1.47107663e-03, 3.65396473e-03, 3.08451569e-03, 8.44682753e-03,
       3.98614351e-03, 3.13196983e-03, 2.32525030e-03, 3.65396473e-03,
       2.18288787e-03, 3.98614351e-03, 4.88777086e-03, 5.17249526e-03,
       2.42964923e-02, 3.41669424e-03, 1.37616857e-03, 8.06719437e-03,
       3.46414838e-03, 4.84031672e-03, 4.22341377e-03, 4.50813817e-03,
       9.91790369e-03, 4.03359719e-03, 2.94215325e-03, 3.27433203e-03,
       7.64010800e-03, 3.93868936e-03, 2.42015836e-03, 2.04052567e-03,
       4.88777086e-03, 4.31832206e-03, 2.32525030e-03, 4.12850548e-03,
       4.50813817e-03, 2.94215325e-03, 4.88777086e-03, 5.78939868e-03,
       3.22687789e-03, 3.41669424e-03, 3.22687789e-03, 3.00384369e-02,
       1.29549652e-02, 1.47107663e-03, 1.49954911e-02, 6.26393966e-03,
       2.49133948e-02, 2.37270445e-03, 4.12850548e-03, 2.51506665e-03,
       6.07412308e-03, 3.70141864e-03, 1.23380625e-03, 6.45375578e-03,
       5.12504112e-03, 3.55905644e-03, 4.08105133e-03, 3.08451569e-03,
       1.99307175e-03, 3.08451569e-03, 5.40976599e-03, 4.31832206e-03,
       4.03359719e-03, 1.23380625e-03, 4.36577573e-03, 5.12504112e-03,
       4.08105133e-03, 2.94215325e-03, 4.46068402e-03, 1.75580126e-03,
       4.60304646e-03, 6.69102604e-03, 6.16903137e-03, 1.14838891e-02,
       3.79632693e-03, 9.96535830e-03, 3.74887278e-03, 3.22687789e-03,
       9.39590950e-03, 4.31832206e-03, 3.60651058e-03, 9.20609292e-03,
       2.27779616e-03, 6.21648552e-03, 2.51506665e-03, 8.49428121e-03,
       2.13543396e-03, 1.47107663e-03, 4.41322988e-03, 9.53827146e-03,
       2.42015836e-03, 4.27086791e-03, 3.70141864e-03, 2.42015836e-03,
       3.03706154e-03, 3.70141864e-03, 5.88430651e-03, 5.21994941e-03,
       1.09144393e-03, 2.23034201e-03, 4.60304646e-03, 3.51160252e-03,
       3.36924009e-03, 3.17942374e-03, 4.22341377e-03, 2.46761250e-03,
       3.79632693e-03, 2.70488299e-03, 3.60651058e-03, 5.03013330e-03,
       5.59958210e-03, 5.88430651e-03, 5.40976599e-03, 7.02320505e-03,
       4.55559231e-03, 2.13543396e-03, 1.28600579e-02, 4.31832206e-03,
       2.79979105e-03, 3.84378107e-03, 1.12466188e-02, 2.89469934e-03,
       2.32525030e-03, 2.79979105e-03, 6.12157723e-03, 3.41669424e-03,
       4.84031672e-03, 1.80325529e-03, 3.08451569e-03, 1.19584296e-02,
       3.01333442e-02, 4.08105133e-03, 3.32178595e-03, 1.13889808e-03,
       6.78593433e-03, 4.74540889e-03, 6.97575090e-03, 2.46761250e-03,
       4.03359719e-03, 5.21994941e-03, 1.13889808e-03, 6.35884749e-03,
       5.31485770e-03, 3.51160252e-03, 3.51160252e-03, 1.99307175e-03,
       7.26047531e-03, 3.98614351e-03, 4.17595962e-03, 2.27779616e-03,
       3.55905644e-03, 4.50813817e-03, 9.34845489e-03, 6.45375578e-03,
       3.55905644e-03, 5.12504112e-03, 1.89816346e-03, 2.94215325e-03,
       3.70141864e-03, 4.69795475e-03, 2.46761250e-03, 5.64703625e-03,
       1.34769604e-02, 4.74540889e-03, 4.08105133e-03, 3.65396473e-03,
       2.51506665e-03, 1.09144393e-03, 8.68409779e-03, 4.03359719e-03,
       3.60651058e-03, 3.84378107e-03, 2.84724520e-03, 3.13196983e-03,
       4.50813817e-03, 4.50813817e-03, 5.36231184e-03, 1.70834712e-03,
       3.32178595e-03, 3.65396473e-03, 4.50813817e-03, 3.13196983e-03,
       3.32178595e-03, 3.79632693e-03, 4.27086791e-03, 3.74887278e-03,
       2.18288787e-03 ]
