%YAML:1.0
mandawa-19mar35_11: !!opencv-matrix
   rows: 1
   cols: 200
   dt: f
   data: [ 4.93303174e-03, 3.33461934e-03, 3.85823729e-03,
       2.03935406e-03, 3.05903098e-03, 2.50785425e-03, 3.80311953e-03,
       1.84644212e-03, 3.11414851e-03, 7.77159212e-03, 8.59835744e-03,
       4.96059051e-03, 3.14446315e-02, 4.71256115e-03, 4.24406072e-03,
       2.86611915e-03, 2.94879568e-03, 1.17400642e-02, 4.57476685e-03,
       3.77556076e-03, 3.14446315e-02, 7.44088611e-04, 5.15350234e-03,
       4.87791421e-03, 2.34250119e-03, 2.56297179e-03, 3.96847259e-03,
       4.07870812e-03, 1.70864793e-03, 2.35076882e-02, 9.64559335e-03,
       2.97635444e-03, 5.53932646e-03, 2.56297179e-03, 1.65353029e-03,
       3.55508993e-03, 1.01967703e-03, 1.26770651e-03, 4.79523791e-03,
       7.13773863e-03, 5.64956153e-03, 4.40941378e-03, 2.78344261e-03,
       5.01570851e-03, 1.21258886e-03, 1.47990957e-02, 2.89367791e-03,
       2.67320732e-03, 3.22438404e-03, 7.22041540e-03, 3.58264893e-03,
       1.95667753e-03, 4.43697302e-03, 4.16138442e-03, 2.14958936e-03,
       3.91335506e-03, 5.09838481e-03, 5.81491459e-03, 6.39365008e-03,
       4.38185502e-03, 3.72044300e-03, 2.53541302e-03, 2.12203036e-03,
       4.51964932e-03, 9.70071089e-03, 3.52753117e-03, 2.83856015e-03,
       3.00391321e-03, 5.45664970e-03, 3.38973687e-03, 2.92123668e-03,
       2.48029525e-03, 1.29526539e-03, 1.51573610e-03, 1.79132447e-03,
       1.18502998e-03, 4.02359013e-03, 4.62988485e-03, 5.20862034e-03,
       2.83856015e-03, 3.85823729e-03, 1.51849193e-02, 2.03935406e-03,
       3.19682504e-03, 1.43305957e-02, 7.27553293e-03, 3.25194281e-03,
       1.90155976e-03, 3.00391321e-03, 1.24014763e-03, 1.46061834e-03,
       5.48420846e-03, 3.11414851e-03, 4.27161995e-03, 4.05114889e-03,
       1.39998896e-02, 7.63379782e-03, 3.85823729e-03, 1.73620670e-03,
       7.19285663e-03, 4.49209055e-03, 2.89367791e-03, 3.00391335e-02,
       3.44485464e-03, 1.87400088e-03, 2.59053078e-03, 1.76652148e-02,
       1.57085375e-03, 4.90547298e-03, 3.16926627e-03, 1.90155976e-03,
       6.33853255e-03, 9.67315212e-03, 4.32673749e-03, 1.40550069e-03,
       6.75191497e-03, 2.17714813e-03, 2.89367791e-03, 4.62988485e-03,
       5.42909093e-03, 1.35038304e-03, 6.39365008e-03, 3.36217810e-03,
       2.75588362e-03, 1.76376558e-03, 2.39761896e-03, 1.08581819e-02,
       5.23617910e-03, 4.62988485e-03, 5.62200276e-03, 3.33461934e-03,
       3.83067830e-03, 1.92911865e-03, 2.70076608e-03, 2.39761896e-03,
       2.92123668e-03, 5.64956153e-03, 5.62200276e-03, 2.86611915e-03,
       3.85823729e-03, 2.12203036e-03, 3.52753117e-03, 3.61020770e-03,
       4.07870812e-03, 3.49997240e-03, 9.64559324e-04, 1.81888323e-03,
       3.41729587e-03, 2.94879568e-03, 4.62988485e-03, 5.15350234e-03,
       1.43030370e-02, 1.65353029e-03, 1.73620670e-03, 8.90150480e-03,
       7.90938642e-03, 3.41729587e-03, 1.13266818e-02, 1.43305957e-02,
       3.16926627e-03, 2.09447159e-03, 9.64559335e-03, 2.51887776e-02,
       3.63776647e-03, 2.01179506e-03, 3.08658974e-03, 4.27161995e-03,
       1.08306231e-02, 6.25585625e-03, 1.59841252e-03, 1.37794181e-03,
       4.05114889e-03, 3.44485464e-03, 3.69288423e-03, 4.13382566e-03,
       1.54329487e-03, 1.54329487e-03, 6.44876808e-03, 3.74800176e-03,
       4.24406072e-03, 8.90150480e-03, 7.44088611e-04, 5.12594357e-03,
       2.97635444e-03, 4.51964932e-03, 9.34244599e-03, 1.90155976e-03,
       8.15741625e-03, 4.29917872e-03, 5.29129663e-03, 5.70467953e-03,
       3.38973687e-03, 3.72044300e-03, 5.45664970e-03, 3.66532546e-03,
       2.56297179e-03, 1.98423630e-03, 7.33065093e-03, 4.07870812e-03,
       2.59053078e-03 ]
